1000
-10202523
193666543
189933815
207558027
1046635599
-725283219
743899768
-981988077
-548494087
-691795453
879702675
-342929342
758119356
-521149428
442790903
-544123939
904376897
13858124
-665187372
407941276
-186304549
595761959
-225406327
648398278
410398161
1005174140
558007276
378037084
770948187
1051712644
-857041108
1063025689
-399626748
-797693893
-983244933
-1010114642
-560475010
-212853473
-646204463
-744555092
315634774
-727241797
898719697
943894252
1028684292
342681083
892836765
-829355971
-652593818
-81087001
480627684
-824626072
560553588
338566160
-65074472
638211810
864723200
90731832
-797378692
690058674
-904465949
-961984317
-921415984
370305922
234187301
100409306
-189248665
595911288
-995857401
387113429
-203305456
-757181003
845876970
1069923415
808930756
-835576720
-634137758
198283378
-34435018
-707757240
-604921803
236841292
-181327421
525188984
227542443
368278116
1044170247
167403578
160418449
-492034681
-50579540
853879190
-779042872
-930772623
-52539067
1017146987
-903226056
90118087
934249753
220414697
-1064262261
877441934
-823440092
-700465558
-642723109
-486090962
272260209
-213432853
1031096863
-1000258845
586061278
9821781
136534240
-686738744
91082056
266176162
113850347
405544292
245125166
-30762361
48289867
-51906107
947401927
918174706
-462948358
-146403940
238449395
400278987
953056519
896615283
827507848
1026967126
943463151
465111457
102976900
619380951
835599891
758232981
966855657
-80873356
-628146089
790854750
-147451799
-770866603
-771234455
-812591760
-830308645
692182881
-898883848
-146961365
-165063285
-335683763
562305184
868170993
-908722500
-254178788
-627929935
-834640853
382445526
303026897
-795254806
801043926
57631240
577261965
595428937
598702864
459148059
-716831215
-777310497
-569526188
-893453237
645144897
586889231
-503063578
-660306844
-395716493
12250155
40973384
963323466
-572637559
299304251
901344742
-550985126
631580517
-246744689
-630892011
-10762810
-974253834
404066290
-767673225
439223294
-836888977
454278138
95199761
-390605423
-727848436
675463619
-247218432
886628815
135583553
1040884551
-746433358
-27988492
564776324
-363736214
-386785069
906401203
-1073516077
-163892500
-521219455
-1055339549
283130224
1049580694
-713193037
-480763299
826248207
401738021
347987066
550296048
-768283197
19215330
-224565861
468630397
-90295816
213509944
630643493
-287066288
739620003
-693057607
-513430442
-77967816
-1013342786
162183557
-155768871
766558398
612444740
-362097489
922888694
892995733
377028522
394960943
936268628
1016174547
1029670197
643929922
-791427394
974053856
872040035
88143255
-730042596
25799534
412966326
239389423
175099578
-708828517
-989993378
-48539687
-537766795
-791691392
-125274477
88322513
302070406
408022040
-290151870
358920147
-919343904
-221416217
820937901
-411230781
931919521
-112344833
-305179894
-724682285
-998475319
-921644513
1031665335
-8292476
865217521
-966980304
-47140974
-1020621555
-163259075
850381402
-773276207
6735573
26969823
227913030
-324987680
1056613350
208396538
-258095639
-666299120
-856769904
186548355
-738691155
-335262163
-263396351
302022344
-361551226
-230143523
-197218061
-11819514
144818992
798055650
-781310474
-366073581
-735649047
830964549
-324419771
-734338920
-986976218
831275148
-437469817
-20246040
-717625680
-607483072
890026463
234536242
197390314
-167657837
-663912012
-821529691
-237714681
795120906
624704498
134329746
-747647729
-721081671
-674048925
717543659
374809047
1013384885
-704335794
495023914
-754502862
-269472091
741714626
117466147
-975613356
118636556
691820764
756820920
459142935
371495605
472945992
-135063515
203411669
-938974445
442979862
343654629
824221317
-36699002
-620968158
-45801477
-209662244
1052908503
544059415
-531943248
-152901491
-718151490
-673112301
-320268736
-549733690
717580461
149118431
219269422
-673163963
-790431404
-411881842
-384283058
-893204341
538862102
-714977771
-714050427
-1007768040
-73441545
-550878621
-302965929
242645156
194642535
-1015648875
708903199
757239051
739387413
-607884670
590813377
-363650717
-616370569
-946097901
286746899
-676993526
623065467
184386063
1052078575
923825583
-543146809
-473031673
-979035355
-331313802
88542705
-250071260
-473748847
1043533184
439762567
-500446883
444482110
-569196279
-917471616
-1028058389
208234090
-644878709
-842447221
472445627
901844151
-738086920
-951809498
194216434
682340701
448926455
-991792661
383121684
-434178614
-430571041
632299027
-93791320
-1066252481
-619580813
-485068762
-591958861
-322433957
554459114
-201335347
-891720991
76962870
877595060
898517612
498078884
951597994
-614990731
676981353
-444107489
-611294073
52126326
-682480517
1031599974
803640078
349641456
-411456513
-284408980
373841083
858332054
500575165
423846494
-1026126365
687445959
453875643
507455983
428347651
904524158
575213547
-323948021
655055830
-921079629
-82380337
-766603350
-393255378
607175931
-601548019
-550659550
886909017
-842707886
-825508844
19592967
491430114
725951600
562221392
-509628980
87057241
264045177
-914739554
918816074
-89477625
99144564
28164255
625075921
193923255
421536861
133091173
-40400100
-442537342
-506506613
242960692
336293417
153348232
525239275
-757329090
689081333
825486259
839346006
-924621411
-752229324
-719851749
-704988026
-356242394
440682188
-900938128
248947896
89879100
-133339088
382823533
-873547106
-1041968353
929250677
-276277149
-477695346
1014167000
948347058
781540662
570573674
681905767
-291226397
-1044312298
-895085024
-600676065
-25771228
688566737
214138310
285539107
1021535646
431075269
423049517
-826540339
-409887621
975148822
827423130
764384320
-794873239
792436887
961966950
179203160
-642672533
-607076934
233355086
-800163144
29721105
1053765394
349065517
566866047
-197277169
-850222450
1050784086
239058389
-153969174
-109717128
-266380267
-497689412
-954076325
-820193586
249651862
-875715881
-272481587
738104757
913941139
1070324774
-673673867
408373151
-402927782
-154637023
-816666551
701241912
-685227837
-683656012
486985925
573146655
-846689049
-765319522
454658419
667231488
-185669774
68154804
959102214
90968032
938035696
-643012972
-890557381
-739851008
-942054222
424620294
-589619052
-952396190
1031951880
-585622734
-535598662
368615563
838675379
-193326417
-652631784
284051341
455420389
527912997
-589253033
98778744
665640111
1038581910
171361162
-269806395
-869470348
-687802454
-721344143
-1003991659
731762014
-880940373
-473435186
-639435688
46991747
383169055
-281967207
16575698
1065324536
975836041
103779607
-773042146
-250504062
-980642447
-792838022
512095085
-913998750
-224929942
-432610941
721419838
-216918647
-449644971
190220965
-88721271
258094962
-307432220
792347286
72931603
-891964660
291647304
-978233262
223271820
120929039
759551123
677841019
1010097942
1047137363
935881018
-142317460
646024185
-555065799
-38514398
93035264
897090236
145463843
800678577
827149568
984928587
982211863
880836530
737769711
-323751246
759184994
-180340527
141325193
-940944494
-905748174
-1058310393
335101976
-116760098
-532427836
-332190051
-535679907
21439044
-153843551
45357176
256947518
897273626
-769225145
801731899
-411192633
222166431
171929412
-73541876
-581251966
-284308146
-801254622
322106381
-972147262
-1025794624
-866339362
272203897
355578219
341691396
-897159032
397545632
228974328
-223020383
1017678276
745538557
241880625
51076661
-283554345
1018656370
736025435
-403204897
612380268
-1068549289
283431940
797705101
735177608
780132137
848454363
-300172076
-468614247
697872963
875021253
64876356
111602544
-139207969
-265174849
-944186558
-96694640
1049784023
-153684679
-241348245
-583755753
-91646201
-261006541
586922178
-404291153
-828786484
917839588
-738484843
1006202190
367568948
499497899
943638135
792839239
217571937
-776315087
-568798330
499425354
-82849725
-600664390
-549165829
-813663487
-92729341
-658750767
-230766659
64399147
-667105337
367776764
127085945
1031999411
38076397
-601371077
-562140678
-147603188
483788077
-766994900
544487785
-101631787
511300286
-78805842
456068777
598244983
999720150
260588375
487811558
88605322
-116862210
-21008197
-942688657
-587183942
-281308735
938052715
-515788605
307844590
492125539
-431936543
-1026927212
-17962343
640978033
714306982
56186699
-138575559
-283834080
-221649207
-661054262
942020526
-640371698
-254779862
-272349325
11976552
989048538
-719818378
651018515
-248777411
898035088
-669316964
446976727
-569982655
-713625115
-916897096
-277167328
525312161
310611025
-914513366
203258786
389428305
-593123432
140411076
964605970
-195118667
-326624858
-691876885
868367339
-53589194
-789545179
384436422
976326938
-75044823
336665808
368615745
262262260
1006912918
-639841738
461993790
619963292
-739613275
43377536
63291751
-747080702
-732497760
720454770
58994531
488648874
-647592797
-716813933
-988785114
-595476290
-811706791
493149080
-547658762
652095053
738998446
315261074
-1065935666
-563290523
1024259542
856651634
-10740053
324537853
650813063
8706215
672951708
-705505245
262380410
-685981182
-121419697
80856415
-171211740
-338327566
742605820
-309403471
546750601
-788467801
-604786465
-954050969
486666363
-337612206
792610412
551066321
908467190
-30439820
71178096
-653322383
-546657370
-1068174731
-214905190
184574455
258353462
118761187
163263042
587790957
394184423
297246903
-635309747
-319975131
360427770
-473083032
-38291776
-137636454
827860140
-139584592
-253655430
394185673
-221687434
623458508
976380195
459254640
386400369
-909324297
490680583
107758958
-259062429
375682436
753663303
754709123
-6326578
-546914187
-401381559
407636402
461090161
-332733750
646540745
-263397975
829033826
48188929
-73762181
-264747993
-810510732
-715498622
-699943805
312124287
-405128339
-50462751
245472998
764905674
-323550407
-502823714
985791124
676513472
765980809
1019497306
352711719
-964224110
300397313
-716925455
-263612470
1064525536
463543840
-1069196421
772115736
-244893561
-473666895
371859523
-447734907
56123094
212614729
50321860
-387811533
705256487
-87852000
346150776
493048893
241884670
-142812057
-700860959
408404854
-16741738
1007504869
376658193
-885303543
640835457
1048190208
668855713
224431639
-208431031
-55843692
18019509
710576351
1044913017
-430488075
-597928770
835782120
-489590301
-273913585
-726502291
549430653
1051477266
-1008843385
744721
457274752
-263756713
-5066283
756278364
-785791105
704468062
-781435926
881581777
-825537952
853107778
-729888244
1017010800
-428969766
-535737071
-56622568
-558964675
