4000
-1317538840
953377553
-1837401099
947472521
-1059067887
446438582
-375595262
-1024896377
1262415213
1856184546
1903501950
-1864419792
-100604076
1984812561
-979666543
-1996864109
207285184
-1640171693
-553700752
1198872694
1028367155
-523485088
-1286737182
415049866
-1536736553
-1864874257
2112010495
1855175904
258376935
-1560799929
-2036489158
809146523
805454670
1209883157
-763311454
1736745191
-165963635
1751597440
1424924260
1431039529
332049121
-1524544646
724215700
-1495860105
-437484124
-290933927
1585813036
-830738614
1651156211
864566437
413790292
-880288654
-1275258992
314800435
554623203
-1822731703
1808947978
-112731022
-1494554075
-552825557
-1432988134
1795895300
-1873248034
552800293
-167504560
12860816
-772090993
-1954048788
616836591
-2069642794
1116815863
1245611792
-1978406124
-1874789117
1204570332
-1263370640
1674553628
-1387367354
-174135798
1876389104
842859335
-1495222110
1668528284
658928489
-1483229288
-346405114
861757817
87921121
3040512
1689048474
1926096929
32351995
-250968133
1725014619
47785897
-312184144
-1259251720
2019530473
-1010661372
302485567
-1136562497
272586143
-2066315389
57711458
-301247217
-1964342300
-1433085794
-1647708991
1845584198
-1029380672
305666036
399432107
1304266437
-437051727
-1359716720
-58146045
648149971
2004626367
-216648595
-988856456
780392897
1069542094
1371514683
-315704072
714939215
1692287795
228165987
-1020398234
-1808425650
-1404058744
1772821833
-768544119
390661510
120178883
-68505392
-885793464
929674201
815104645
-381817566
-645460972
-1468063320
683829423
-792142160
-1336343388
-1174383756
1511126587
-53020296
-1636670232
-365870904
-205275832
1922669957
252897079
1307858518
-1975113610
-743710788
35517898
1328510560
-87982732
-586966316
-709328531
1507203929
1522005206
317983910
-815722638
1285587147
-286328021
-916028506
-173657367
-258869637
-1685917874
-424550223
1026483471
-940654134
1799877116
918679816
-1089769213
1147416925
-206595417
-540285796
-1971525953
-617888000
-711678583
165504139
-993244859
-1759732793
399175419
1399328234
-1112937448
841769590
-681357306
-2034019132
-1457474579
-1944867806
-528994246
-1145367709
145764002
-1998630120
1515249854
-1260303923
-556026257
712191996
1207375016
-1363291759
1923880027
-1583317707
1144720014
-681637437
1048860144
1354009736
2060991325
1534771012
780257841
1619702531
1765122664
58643782
1235900876
-730427621
-1252396348
585462286
1974185611
-1760948968
1247628754
-2028424196
438361616
202165680
-1675145444
-848416056
-713323583
1899025138
1105297764
1099092237
1174976000
157980517
477335802
314810891
-1671912801
1687221105
-1377841330
1232660392
1960091283
1615557884
-1532240955
-1519096648
2076476646
-157545129
-2065005105
987021181
-55492366
-340051621
-1271317447
-1201467279
-2093957173
-1362360369
-2141938241
1328134466
-1560607491
-1453350388
1443692261
4042781
1324308087
253115107
-1315112698
-191534289
-2052344891
1797621694
384915117
-2022967192
-1513616251
2070620165
-376245982
-296268415
1189734931
-768368958
1842893640
1193612352
-956530554
-1891319161
-787597914
721516282
-819701024
-1069234289
1503864770
1553969497
1506088576
2122663970
-195822923
1683253599
1566761435
785116990
756793596
-577891158
1183887979
-987190925
1266907019
1293413881
683107814
629374990
521841703
-1017626898
-1047444813
-1752530311
-73157387
-1987902955
-1996977255
1548378593
974343501
549855524
1969167033
994222873
623684563
-284896380
2016425918
-294614338
-1283430968
-636755696
196943186
-1361434726
-1775914083
-1870607076
1097327059
1742020429
-1997870391
1667902904
1237825350
-858054358
523452635
-330321100
1555871371
1584931678
2105879506
-1630231577
-1810322990
1694289495
472773548
697815084
-874149299
-1117668766
949242172
-850378067
-156654297
-1670487146
2048718400
-1295109917
-980116556
-536807440
1377958578
-1392775204
-1149259032
1149395903
632138590
-1552748225
559883789
-1620819902
-1867471436
1224019085
845770928
-1120106354
1451404511
1868208297
-1055603748
2095921333
2011939861
-1266017894
-1957029238
1736719140
-1661724111
-501840242
665887063
677529677
-1920034178
-412259295
-1943313033
-1593992059
-249874732
357461727
-1991344407
-1182816210
1727741673
886698503
2043685356
-1043653096
1128487136
1159521938
-489847887
392823844
-1489244378
1675363954
-1002316207
-1699108310
924460926
2042691614
319479808
849652508
-1838631079
1127241294
-474816125
-2137432981
-1002886806
-701040637
-2099363873
-395489367
-1062508422
-1351953206
1557108050
130337391
1877123960
-74845888
-1539175034
-1600169856
-933503276
1717026776
286804228
823712814
-1257519348
1492173275
1951499238
-109002500
1810798726
-1362578256
-677514288
-270584700
-116510560
1896337245
923177249
521832858
-173040635
-801123251
-643055772
-1637013070
479901250
347732819
-689862388
-1107380098
-259805544
-1842677778
1445421664
762924507
1372030483
1420468174
-1377523788
-610407955
1512692443
2124477847
1035094745
-1737914488
1632867529
1915919332
9266134
1083076817
-1061730499
1892873358
-1865049897
1864088101
-226927570
1765961773
515215717
-1956182216
2051497089
195285470
-2000492329
334167681
-1175787106
-994350266
-242854905
1963921109
1260010561
286758103
1517547081
-1561105582
-1378796403
1326573137
-1192828519
1235640702
1536919398
931984268
-751641069
1440116143
2112419071
-649424525
-569305945
459714988
1426814129
99805011
617982220
-1652444780
-1743367666
-1029386155
204852980
-1088390402
-658229450
1953255753
-147454334
431659617
-217415576
595863204
861613048
875922102
1263908059
-1961644340
1001410229
208685915
-1311491889
2120922258
-1260485795
-1271732166
435260638
-53420545
1320363353
-451526614
1953869463
-1575566510
-1136379006
1215088020
903966284
-931990967
-1431702504
109671769
-757477845
-132816481
-1304466440
1849516019
2130820747
1048582358
-825477874
-129883942
281201544
-748941258
-887402489
80341032
997887953
1718455572
60525899
-908854657
-1836318529
1924890199
-319780566
2037304106
-2010060886
-1573806792
1444591445
-1912662910
-69657480
1396528712
-1924124273
-365587822
-492153482
-1688093001
2047294883
2027111422
713859178
515840466
-1320239464
-1074375392
-1973626648
-112282931
1117783331
1520966003
1906290660
-77852990
-300371108
335984436
2091194504
466664185
146974644
-404002490
-1867174329
1081621353
595272486
261651285
1004333106
448126335
-1536581971
2080924734
-427676278
-1635880163
-1391852555
1428791982
1733042069
-1778107932
-1764410028
-873906167
1164291253
-1767673162
-238137093
1856511372
1726857397
2005036406
-1578534040
1255501749
-1563842970
-1203761903
-1918501601
757795809
323186282
-1573386302
1351258008
-626103241
-1826132145
2039768977
-893405829
-513569340
1320235743
-1328017636
-486385142
-1093858073
633955509
-1442429287
-992185378
1445405679
-82078189
1346868506
-1447518507
-1358860286
1017375475
1814850067
1530978634
-2135580608
-1816001445
2008177433
398987399
1450668839
-304104459
1580792300
159418487
-325278152
-124812066
-1142978889
-1103484257
-2138981413
-705722946
395641493
-628303793
56277887
-1520713704
1069049431
-269231084
-1282584571
-2109024030
1790902660
-323881360
1914955870
-1529457064
1345537440
94175692
12566130
1177052940
-356613711
1751867821
443148355
202802753
-1911270914
403484966
1560401746
-607022726
197052441
1597662349
738847297
-1324801203
-1539928288
-1895542159
-294062919
778651516
-693989313
-1024960566
1111613837
456580165
-313599112
289639282
1471206175
-1992280840
-1885153114
-1998670636
-1630575102
1671221706
408618174
977205730
804780512
856703209
-531972264
410974284
-388356962
-711885616
-819008402
-117195282
-2035240003
750345179
224554594
1453610121
663478275
-1477450467
-1630421947
-1559112523
-2053597350
1683594865
-2120542123
-71748586
175636727
318973903
-442684729
-1791540530
71868350
786085856
2114847943
1695190066
-197871900
1558990291
1464913852
-1279914305
628085974
1129229425
299936976
-1119682738
-1513641896
863793775
-1148483409
977210247
-460684303
-994712574
-1835014258
725077907
-607636602
-809682504
-413340306
327906069
-786954171
537430150
-1356585311
-1317953190
-1470546236
-324954339
-1763650419
1604276430
311501673
-1516424064
-552549713
-1944384079
-681797365
-1885805606
-1206458397
-419513333
916514265
-834211444
1631606753
641664221
880929403
-16890490
-328709878
-127933800
962733942
230983383
867185252
847315154
487797972
127820934
-2104670749
-1784421577
-1381789693
-312797278
1874643690
247007165
1637934077
-540183913
-289071856
-467634149
-378261591
-357166653
1036079910
1562214011
502230656
-1949859512
-745418119
-1954254483
-1585797261
1080454179
594301524
-1461400801
-674724340
-1537922947
23729096
232849355
1809375699
1318794561
-933539410
-7813264
-409872398
-974226194
1880304876
715247300
966679323
-739413587
1825544440
-1558838424
-406102615
-1143581019
412421274
226357085
-200607227
-2024191346
915274485
1563482038
-1428734645
-1343756412
-1023780665
1638634127
287602732
-306279395
675000815
-2051389379
11352597
1158717885
1330549551
1625330630
559962769
1988260904
264916019
-2093042029
1750840555
-2018480552
-1114878510
-1662397597
241465879
70045840
-121329518
1721263235
-1552401199
207238064
1013804913
-1847369413
18881542
119172555
-1215364382
1181730443
65122163
1789832182
-749762539
106657559
-1413506420
966710626
-219410309
713270879
913697182
2135657389
-811715191
-571849934
37526839
-567321484
-1453773637
-1444735644
1067255749
-2063009748
-92956709
1242071742
1116529020
426869298
-1877764734
-628936906
1489778301
587157023
-1083255329
875490399
-1951296716
-1555653023
-774326345
-740643806
1617040129
34551814
-641158740
1401449134
690566425
-1825644581
-1548514367
-781368404
-1753310290
1508250805
-782357219
-1614731593
646322510
2107480846
-563543538
-177152245
2075701384
716746195
-1927463344
-1178836357
-1255446060
1897457787
1263894415
-956916824
-1529666636
-2043789733
-2064673749
1916478319
1819459862
-1556180168
-1681036742
-901669469
-1328326148
1597360413
-1454937390
-843207428
1924944478
-955754641
307414407
-46812594
1931180878
-708853954
-356356046
-1003894019
741057117
384397533
-1120805132
-1794653521
-848678083
-661260621
1754577018
-2113934268
571658151
379550035
-1034483071
362419714
-740163202
1154216139
-1330789732
539561236
1951296308
-237988039
-1536200907
-1104255947
528095853
1602318498
684297425
-1633193560
1276371169
634452998
-1717116009
1381480555
2088425350
-1544461905
-1411401454
1840525483
1978953709
-701910327
76864053
2035688314
1961342956
1694961207
-1549614689
-132936258
2132194172
-994394461
-534094303
1229340269
-1862733595
-1359764009
1778466172
1890198518
1877523224
1737656651
2008227694
382631170
-1979281829
712905726
-1965345553
-1667440548
-2066959573
-2842232
339447736
1295274028
377955165
-2130237840
-1839364604
1921371243
327294341
-431371846
1626214041
-436004718
1745095324
-444857404
1890933001
780642452
575511004
2071156306
674833973
313452814
-299550994
-206507545
537765138
-364226883
337722951
1245437014
-1278158929
-841148112
1949733839
215903383
638108790
-550890306
860323779
-174116898
-1982007375
1430038457
952694235
-1254454295
-1104668336
941852387
-766334290
2061742745
2045156073
1600800
827366229
1005107908
-153894401
-1069116819
827517775
725545545
-329870714
-2113069552
1172520100
599375204
-822846042
-910555119
1402267212
-2130733246
798423231
1821187560
-210260784
1484130264
1850794157
1620713079
2020270385
-1651072273
237620556
-1390665414
1833503241
967599235
-417171138
1010547900
-138249488
-820380082
1363583467
-647192500
138378785
-381752674
-1953463352
-392260368
-645335972
-182822801
-204384548
1439242650
1971359501
422069429
-972648576
1360531097
-1658845011
-35236616
-1313085594
-982309806
327745383
-919386330
-1885965605
746651951
1281709567
-23786844
1344620112
-1075686698
1735540463
43964069
332951574
-898613602
604919250
-1720593985
1925663336
2030888254
-1572508923
-1528291653
-839161426
1749806535
-782572149
2141414060
327527168
-433828909
-260186319
-1003153342
1861691112
-2076461826
-2090836238
-601340833
-1188033429
-345015915
874337692
-283549717
689088586
-1689930611
-730906445
1602390756
1523129477
1261242038
-1275881580
-290497352
-1859089376
1595953456
-564828451
1957488086
1961148201
1621566237
1023131148
960476802
580092664
-1216164200
-1568746651
-516751640
921651896
769874148
753992217
1559305332
-1777544154
-771835416
1295451812
-1282987936
-697314152
-443015461
-545448586
490363790
-1446579647
447489083
-1047730219
-336634985
110595507
-430818557
27409153
-619657949
-1424089180
926067996
1234910616
-1113356422
1253060340
250869011
1631745852
621602139
272179950
83451147
1027061362
-1627967732
1513846222
1878530293
-387518259
-100693582
-1286337662
713510911
-280329909
-1599580190
366325940
-1608332982
-1708627714
1571886967
-839973368
56569823
944797166
-1381119835
-1674749022
1720328674
-2091158467
1556427342
-1504493334
-1931510008
-2100703860
1713280916
-425603949
-14636474
-547210595
-2114145618
-31465256
-2114866486
1419209529
1091373311
-178589688
-97806290
-926562220
206564452
-1261370043
43130347
-293030802
-2106671667
-85191289
-1706106357
729345595
-358922994
-1116545817
-75846878
-1046742651
1533817335
668191770
-1608965762
-353979823
-1630004575
2062731834
24799133
666070593
1018268426
-1368731956
-1522973217
-2077339592
-1340343836
-759130114
2068045180
62960195
-73746775
1477706032
-2067261769
-827405898
1071129843
-911098443
-1011073453
-1414993515
-329983735
-1933607974
-783317434
-549189834
-1408013892
1264104486
1712676268
-1000119004
2085555060
-32331549
75092990
2094499909
-443004795
-800957987
-1271104637
-2028676290
697592519
1070035049
-409829627
119972885
1179740772
-204773464
-1083711800
1009332248
-320244237
1997829388
-1354561353
719346173
1095657414
-1367345893
701317088
-1750217142
1304870015
-214933389
1748338466
1081913846
992665321
-701035251
1607140133
141463376
1619713284
-247316539
-1652095095
-1116754656
919722593
-1185132007
-2045885599
-107531253
-528624720
105967665
-1791770398
-1315322309
-942176361
655995678
-780161961
2094755134
1887410372
-1442604186
434574936
-451411409
-387760827
-95211584
218178874
-781749229
-830730474
625296411
-1931908663
-858419068
-370945541
1235660004
-934917324
-1038404973
1862156944
-1206033784
-442122680
914422762
-1492630883
-1293821640
173128673
-472777679
-2021853521
575639787
1497442972
1053223603
-1632196381
-727703127
1767976913
1387845184
121275652
-627816443
-1669456960
-554406060
1241219544
-318589462
424830217
-1409986440
1607601079
679259034
432367457
560130280
1345012828
-1061905164
-657794686
-1491145355
1204546559
89351925
-51433885
-699436116
-877639774
1638717824
-1532209751
-515040456
-757884757
546085217
-1419407523
1962928516
-616629838
694197903
-1063237922
565951396
1416148124
-1533619535
435890456
-1353223563
669672936
1045926883
-222041611
-1639432958
-2094694072
1629429689
1964993811
540845353
-573371533
1230252675
-943766088
-1941355906
1005886777
-803592494
-1151679998
1735604078
-764804137
-1836973765
1406203234
-1736254297
365957772
52712538
1027372619
-137675081
948074860
-1688446695
748208933
-1220980237
-1344031373
-418703566
1898218119
-691535719
1336634844
1849596401
1185616550
463763256
1160565427
1938894142
747838471
-1893706929
-242495319
1221650138
-113828996
205887540
-1712247257
1304428521
535304013
-1581609417
-1120213596
-87899473
-1454771276
-1209929721
-928558789
458756254
1690049166
-754578861
-439420041
1317389456
-2055706032
623096244
-852874895
1177711952
171810871
-858508599
1453093405
368729182
1241100739
-719085405
-296618272
916808947
-834942619
-1357699740
-186707612
21014338
1014815350
-1218627294
1330416304
473814016
-1664548757
1410065168
1137160050
975131686
1849892167
-1680906017
55498143
878715125
60779344
1057362017
-1792530627
-625829830
-632752635
1716246384
-143014273
513921235
-2119094706
1718830605
1043832594
-1168821391
612896245
-466174261
-401835851
921590686
2123267669
1292104045
-47636721
-1208646399
-1768163760
1278825422
1597878972
499714273
-1064598651
659014913
-644974680
-1656180761
1968419522
497598136
1834398880
-1891771353
1808796599
498841833
1321302053
-225587359
-235269139
1269015470
1659459204
1767084419
-272954123
359111532
2093839651
-1630323854
-916528668
1579694903
1463514908
1259383305
-884738050
-882036363
1905467151
-51389087
434820784
2040855233
-1371424205
-2056943534
-1136403773
2049632017
1495312558
564302906
424175823
197512474
583243559
797809916
-1060089107
-1328279566
-1988608616
1804183883
426468784
847239927
310556520
280601384
1293045844
-2136950801
-348206920
434394280
-1140761544
-794958992
-343956228
-1189810949
994224009
-1527315582
906824398
-1823452759
1251268416
-1454431102
-1565144834
-1804091363
1186362445
-701489080
-732102419
972391271
-387094508
-897920116
233355802
-111623619
1445284888
148555141
139303677
651274562
-1099529995
64628178
-748889325
919565706
1955807379
-174242659
397853242
-367647907
1119297432
656075005
1670727998
1824113979
461943326
-401004132
-616058957
2060044064
-1876670554
1401727897
443620100
-1990811127
1552020043
2104650671
162108108
-736050250
-2601670
-1642433130
910290532
535277232
-1967081887
-1386467927
-52394052
1530697357
1475932006
-57470776
-860502162
-332661646
1105811930
852299391
2103762448
205918168
-2049555794
2038554983
1185824457
-1094330477
152432869
733809100
1403957030
-1710004464
873229194
1545227920
895418414
1054712798
1565076196
-1852905394
-30554957
533487471
-1942869783
502774465
-2075289366
1704184094
-1586821905
-33079193
-286798018
-1069646733
450768553
-1095496607
621581920
-669798490
1295600720
183699101
557247650
-1831647647
470634528
1133954614
1389098117
1297730762
-1210715899
2095033882
-1386054000
-1973772608
1832090262
-136400915
1964563554
-50413724
98379842
1401346348
1024217354
-1776605990
25264072
1348996757
2053550742
-1399227312
372072172
-858809914
-391376663
433760830
-64376729
733048100
1010529746
1368034031
-1010107362
1636254206
328405593
-36653247
-2085796201
-2055146255
538537307
1698845096
1988752296
-986463091
1362257752
62201720
-126050192
-1683204552
-1317001333
-95128989
-949540725
-56515246
1000162874
-1034115521
2020887169
-272285543
1654573135
1491744524
-256139394
-1324385841
1753333800
-1516915915
-2147427768
-2018743398
-91117654
1768295958
-575438484
1636778
1460783004
-1808329026
150182075
1296903968
2034581553
2085230325
-273486348
717463342
1184270054
1788010112
-1101923134
1946397690
1649962382
246660771
-74277400
-1337010233
1655178922
1270823398
-1146489414
1483703382
1905785598
50228252
-1814145586
-1817590646
-1757207456
-395874656
-709556749
1706370122
-1259503150
1700740321
1887381602
-995063126
-1405626157
1041685793
-1722536653
695179852
-388261903
1015796089
-1485076206
-393006076
-55980381
-30403296
86942514
-439025734
-1109307819
381561324
1974939265
117972884
1016940739
-1073612265
-2122489316
-1613794988
1583284106
-72904122
-1982020348
-198442498
1137334523
1571616711
-1060273902
-586377283
634809906
740597530
517697832
-1456376314
-1037015449
1607091890
63135401
71679997
-73387133
-1597752836
-1230888406
541203736
405013494
671563936
-1322738839
-1740471294
745569735
-2005680634
-251480963
-1305260095
1221662443
-1624849125
1389290575
1415054106
-280682789
551691348
-840506296
1727028787
594234720
-2028294670
-820933301
-2023314822
-73995600
577519752
-1522462747
599548101
1283908798
908547002
637533123
-392655430
-1209506354
-1583084218
1113770596
615356529
-967589817
1816339016
276488462
-2023600297
-1861499956
-1195046727
-610058746
-1190895787
-206254195
673463608
-1630649094
1720228144
-71682599
-2086166259
310337218
-868243150
-680672009
-575785878
1536319559
-936631030
2069268790
-117067534
-1013060413
1611731952
2111904835
867289215
-2032318678
790517004
-906684998
-199095264
828458727
-1114470376
353923326
2066792288
-1257282613
-1610589117
-419234739
1378163661
-17756862
-832607912
873538830
1721223352
2076491975
-1158744289
1663481197
1589676856
-2065329255
-1066182909
931616553
597717621
-558554194
-591612940
-1187778644
-336853982
1140794344
-772768625
1740187995
-556978869
-577964154
-1795372165
-447955409
1489828688
-1651306276
-466652651
-807643260
-474914512
-620165306
1684048206
-1266018511
2082180363
-2070374310
1069198548
1296047576
24613345
-1797322660
-450280337
2026218110
-560567905
-1921018378
-988315731
1632989021
-1755868324
188544296
900786114
-446769160
-229125665
-1640299139
-1602311256
-1088979856
-1326526876
99170175
-1152710002
-619352554
-65166433
-2094443156
2028372079
1636731200
-424897279
-598891736
436246784
-766306208
869692985
-658208394
-50295602
912725074
1254393597
-990429086
-1947726681
1686017524
973457161
222571777
-1559437511
215436539
-2024208793
945088093
-1726204679
775032836
1607546353
-1197795927
1789187654
-2041783831
1993325588
-507599428
-1886154803
-445724586
1741214166
746255804
1910473006
1000140699
-343790567
823132953
5911007
136845250
1438414112
-381174083
963743825
649115364
272390738
-564199039
-168804528
-121652040
-1674563010
-1742416926
-2052401745
-1511521428
-952402209
-1734738700
-1915816925
-1219659336
1984024608
1166412950
-462203537
464280111
-1314993502
-1491708698
492190913
-1479801897
-2062461253
-621902089
44688988
1106135036
360463298
2103043777
279240310
-24821440
-671175799
1103579737
629564002
-964229129
-1391754710
531191905
1075654641
2102908849
1598963206
746043841
1323394838
-1430750697
-2053573622
-1104858474
-1885838904
632294138
1762051124
1042929258
-847010260
759523752
2033357397
461360038
1217025778
1682828162
807012120
753160772
1021232638
-1143200821
2051087682
731251144
-963113653
87217346
-1238712517
-2065403280
1104269836
-2050138639
-595642164
-713767511
-1134389741
-279954489
411140393
-413023803
-1537524874
-817271708
50372914
-342526741
-1937203601
1087491508
1359133173
-98200754
-1067816572
295553215
1597730679
1012597921
-249526297
-434315714
-600327245
-1063234358
-1446847969
1244457072
2034593251
337247189
1915556071
786376238
230480381
-1033457365
-891104683
-1759878339
-843613056
-1456128509
-103903938
902222307
-190409105
910197527
899653336
1709533628
-1444346467
-1306942053
724741793
683532237
-1850745557
1681102698
1523147904
90934233
-747273649
-735940990
-8069847
-1597845773
-918335146
-1808515150
1558741189
1645072212
-1271001365
-1313836911
-1839128623
1102617966
-340678247
711308466
-1104774587
267523648
-128381042
486418965
-175401735
-876079380
-433644383
85215455
-1154186940
-1936009850
128050325
1551538765
1508801254
-1590922450
791797151
-875336986
1062305831
-833676448
-1998934235
2092231664
-635385793
-2071640950
1240180936
-1570146268
-3032072
-854792738
680666532
1663233956
-1191750511
-49826199
1259888598
-1653383380
-137755419
-1375745692
843020350
-1270061432
-186478387
1596529610
600553093
1776947781
784365249
-1615468758
642139489
-1490740053
-1491415099
-241381955
-1788350697
-738997782
1870973314
1116550075
1540660801
-1902128238
-1008918862
129980905
-1693997359
1017845576
1452421569
-1374483082
-372434091
969145526
2000334257
868811016
-995839365
-1715091773
-375598787
-1051712752
-2043739944
1238385668
-2009282495
-463370907
2022574820
1296405105
-1137920168
1899670032
-944868535
1161030235
-497066554
-630240923
1342097756
-23288675
2137551256
902358354
963558379
2104029201
-1549526518
-449069573
-873974727
-1578112442
-1116656600
-1956775035
-49242810
-721875089
-742388297
1011294513
1866521426
90256797
1794269780
-1148510803
1267120036
305628976
925230813
-1620734810
-462764921
-1886703477
-339271919
-983630431
23199125
-1300646650
-2031175310
520049675
864200759
1436098344
567725426
1253938318
-2021115797
551059477
-1260169266
261010341
933903816
1386508869
529242420
-579192462
-712598338
-893086858
-920110293
884264654
1906284578
1430399459
562323251
-466745438
-17666326
-872978250
1431174187
-1585447308
238260788
728369082
-2057032206
-1811638972
-1182156916
-762633644
1858624337
616394649
2003913582
-1339977293
-1914612200
704182742
-1912207351
1799566918
-1592927866
1500516817
260617286
-1584077714
-428471571
-1556274011
-237809913
491776117
1306648726
-1664690745
-993121613
-1853401667
55874273
-1312455849
1545387250
-1676241604
-2138342479
1009531832
107030197
-716839129
-1400829946
-1892485022
-2065581960
-590820371
1325047786
659108342
1095497419
361072742
1026730129
-1651170926
1627710221
215234892
-2111961925
1393902438
1982762107
30878185
1658763101
2059333255
445066600
1031102994
1693158527
-1001515517
-1480173363
-1231315117
1905192039
1210550068
945880068
402074987
1205681399
-386909863
-622511920
-1751035398
-1251642029
1855029858
1705728928
359219064
2095368134
-2121579254
547975700
-1126841495
-2089777690
301100075
-871676480
-2083052594
1310171893
-594852019
-1408712913
-1850417186
774862986
-1084973953
-1047464662
441075702
-1214926480
-1898871958
1140878393
-211803955
1818984141
-1683137118
-1635956119
-64961045
2070707078
641105983
2080146255
-326664357
860217826
2145477292
-341884851
-746389857
2088302445
-1949342018
-62387949
697186019
2124272414
-76444153
-1103400856
436339829
730456507
-317673364
-862435030
1653954421
87018620
747243509
45066131
-1113008696
944023022
203957732
50672317
1146497106
1611694362
-1183996664
-1421571481
269117283
-1517365530
-920113838
1912653049
-738829711
-1083875910
-59269976
887048645
1410760456
-679594139
-1898026759
-266368113
-448787714
-528705214
-1590849647
-1215994033
1321164266
789664406
258975149
-1664865484
-35154475
-1683565252
-2044993966
-991655444
-172344526
1311941763
1712527706
352321058
-339134453
175394391
-1267314738
-1420795320
-1226535299
751325854
1149694331
-465911659
1732805222
-113795868
-1548286017
1340645201
-635950500
-1110281159
1276653987
-1670165168
1446747104
284165465
-860500690
-1227296069
779626194
31058701
324526584
-366253546
-1492364248
-386049839
-990797572
2095392125
-1954505766
171035575
-1562931790
-1471110096
1190725152
-96508533
-1207524259
-105694126
-1386009633
-1630710218
1686573473
1890860269
1772046944
1065547623
445271896
2122689593
-1686479294
-290685329
-1701987675
1709450781
859470258
694052972
-557320376
693608182
383633880
-249494359
1941484595
-76083562
-633340012
1843380549
1226286430
277694350
-2040459415
-462545390
-1126644009
1377664688
-2143060807
648964542
-1094107876
531252943
1955046450
-1534808776
-5675348
1426719944
1431091592
-1568511668
-1881279781
-641720378
-80253852
1792936592
-1726279194
646083008
336160923
1225996163
-922086842
1518779462
1748247971
-424190734
-233111736
-1850989187
-2004567742
-220193635
-1866918691
1532035432
-55729785
-2094038502
-1892541266
669346664
-1639007746
544481786
1863190643
-1253084155
-378875874
520718121
479550853
1748887278
1715309318
-1895329126
639255985
-690819778
-1873044888
1880469795
-176072370
-807399424
-1624088379
-1029633115
1824814737
-444506379
-1550086950
-897378961
-419743201
-92422252
-1869851047
1075322083
-199627549
-743528367
-248557092
177979994
391183137
168938530
1882394646
1536915781
-1677440821
-2092205506
-1979253685
-307398764
217249555
1703458343
560147969
-1298352294
-1583517887
756829163
2047812087
1025568433
-931084603
2116183205
-727282090
-1572625958
-560213873
-1490395318
1985660454
-855526487
-953978978
-1281429087
-190685181
1305155615
-426705193
-777988717
-1112534000
1970834776
-1953570281
-1618442588
-693828310
308903591
-336292725
1703400385
-419305120
-587565569
-45823938
137120059
-652360285
-1733902444
-600478989
-1659914477
-2136985415
523117505
-2030918604
2081707896
-177712777
222419756
256581803
-1319216755
841550895
449454375
1577402031
521458798
1301680998
1846020185
1015148577
-166697356
-1971007542
1995273629
-959748743
-2109864776
-367045790
1094673705
595252763
1860222678
-1032401913
1052040690
2042755567
2017819378
-1364842222
-2138622129
2107246640
405270016
-2087917482
1208915164
-2015146110
-1204267969
-2009776560
-95437664
1499315018
-1088049659
846728605
2031004530
1024711226
-930577214
-89890389
-280261737
-162055638
860257342
1394041011
1699082672
-1996083922
482817061
2114775270
998015954
-1782559772
-841531963
1539329254
-1428328714
1747994893
-2002900459
-1871191177
-323072365
2028399198
-908528648
-1265803658
-310875511
-1616102760
718949059
-80732919
-1024430271
1944668374
-1444511492
-1363284713
1260323857
-534902491
-1147591836
-1906184198
-1205738524
276572761
-161579976
-143616397
-1380754407
217642270
-1192524110
-2131564578
1499485612
968198221
-230484266
1749190822
1773358227
-155318656
1165965674
-1246022662
1796004202
-820672280
-2122182587
530422976
826847569
1343089501
-1390301492
1653270986
232275988
1246217654
1603713721
2042577223
-2132131699
111683162
1798165790
-123398277
1539897158
-665394665
-239595607
-624806734
1359934306
1924238641
1060565545
-1181047183
1055685052
-464752194
1946473553
959778799
112590416
-2353360
1417842618
380571075
362172378
376909619
-44052946
499933
1388665276
222952377
-1054640093
-734997318
-1840340956
953254482
-638711932
769201363
-293545363
-1035591488
-1446526281
-311433898
668094406
1178752714
141108187
-1896811752
-375662063
2133580112
663482449
1631301321
1002877708
665993887
985121918
-1905465496
-1935183946
1662514182
-1520101426
1645418489
1292029419
1194261673
-1770128133
1651334261
-1461766063
406657428
-889970034
-529513982
881861751
781656851
-1768433755
1179313764
-1936281798
-1175094464
852760823
148511410
-1429922965
-595045924
-626005483
220101964
-1178003794
820760930
448102130
447069964
1142614180
1468631385
1717828005
-1775859781
-359796660
-755652119
-203898772
-275665466
731976614
1286333617
-844517388
-1814907600
-445381223
1836648151
985247191
-1482372662
-80706027
874225760
275079013
-1518294878
570753148
578243777
1157499046
804990136
868232253
-1956941643
1935988639
-80514313
1140036546
-1449688752
-990306348
-966080157
41756044
841230419
2033207822
-1714430578
28717979
-1748379198
-1705608098
791273040
831030546
-601706828
962805345
-576224074
563109403
1230936425
666738116
216086586
1568449032
-686930271
-1182820598
140296756
-699632710
-341163989
-847198580
-1361820528
-887359418
433136827
-1771264575
2120837057
-349691948
-326039296
1504237759
-1274481675
-2100586293
-1363323402
1108627457
-674084470
-592096982
-946620296
904938090
362376384
-1447351752
268957208
1422934922
248617135
850510432
-1053312206
-595658209
-2053534342
1792833877
-83577281
-157730083
-427684412
756486781
-1562078106
-1535538319
-1824899230
604805515
-1814318248
808079811
450159442
484797806
-225403812
1203057531
-1340827412
-166685335
1890819240
143288775
173842519
-1888828286
1926696691
-1692201638
96915517
1212657440
1217014343
-1347576137
1370927810
-922183953
-246322661
-742109522
105708977
1261777159
-1892359264
-1692349657
1067309560
-356890036
-1974592421
1513722910
-994070954
121884183
1027880435
1710300397
535781714
-2082598123
-1841396916
-1623245359
1868711534
258249327
1606605524
2034350502
455944860
1073900843
1182153243
-1683432459
-1221905423
-2123668527
-787771735
-12487888
-817461096
-692444079
1075165195
-1498567877
-1943015160
-1739910621
-1456531665
1718783022
-709760647
1639509168
1698316017
362291545
1503581843
-1231882256
-1985701387
-948532088
572608873
-1011184813
-1110632010
-1473607289
-684671323
2043685605
-448904481
-741333528
-2074368765
-654930260
579611353
491434243
-1724090622
431242324
-895731036
-1873991619
-1627077671
-1071474931
908446442
1808180109
-1009384536
270764468
-2070418095
34244156
1415475951
-1455083728
2038560528
54818795
-1465667261
-913498850
-1721655099
558131674
21763902
1037776048
-1785540732
699346022
-1571620937
-416408110
1313495859
-647735085
-568115150
-468594546
642147860
28480331
869739674
1864552624
-613148254
-1711314650
-2079129043
-719913043
1802755233
119033708
1289487798
543631552
-404597136
11961751
-450092798
1019390805
1172165537
-703078244
-1743393908
53012394
-1146822709
1881850412
-61601158
1595560372
-811325282
-487866313
-480633908
940396095
-753467849
-59260751
430743762
242302552
-1329658700
1597869463
78158815
-78881554
594340619
-236575436
-147139269
-1826139466
157104919
-348435808
445774685
-893148081
1846122227
1590172297
-1328147879
-2075631961
1832908683
-664295371
-1448941929
-1604147812
1968619631
1974593223
1370126021
-158463771
-194134806
-1267244352
-473986802
1016251187
-1021748653
1367379912
-388505717
-712620141
-690572382
-1966231890
1503182841
-1904426730
-176405947
-1595895891
-34094420
820013234
1640253492
-882264847
1906646212
1649268074
894125891
54958424
-845948515
-970806611
1462639030
240590716
1128773515
-1612822277
-1927774182
1837919473
-321414201
357197006
-263309230
-84691509
-535899741
-1906595913
1447424496
-1063011230
-754546427
-585580602
-837897275
1922828632
-1472968686
-1009221329
-701659462
-653189157
1317094441
-233963991
455768545
-1097780697
46781970
-1578911463
1927369670
-1038017970
442727799
22369519
85689611
-383149253
-1254414446
-2104924208
-1673646029
1678323187
-1593529049
-148679691
2049989309
-1700864226
554679221
56576722
-1555391628
-127467322
1994759655
1850269306
-865936891
-905268131
-501835952
780059969
1058796498
-858812156
1087686488
-990071902
1909086725
1399122442
-1570388112
-1685163933
1807482087
1600158130
-2024572787
824018679
-1664935823
194278457
2094511058
87899170
-1530350045
-1383774442
1887818383
1953409251
-819660780
1004898435
-235912854
970006413
986218826
-1587356868
2033685211
-1617871050
-584872117
-2039035258
1179895005
-1079289515
-1486055181
-426057102
213888481
-1464070746
229738120
359630946
490325254
14958673
1379653387
324622284
1254930823
2037632586
662783696
-1626273987
1149603189
1398842362
744475472
-18998879
1633953701
2093357599
1123874878
955572161
-210857749
-1123894032
-410115625
1391758860
-1600237433
-1513561725
718262398
755657369
803380191
-438784653
1363696007
-502573204
-722907794
1549825213
-304434862
52772087
-1442064644
1147834858
-1997813092
266213604
-2082692337
-1131537293
112072465
-1171344111
547658145
847913312
1548483876
-1495053605
1592245266
449397297
635655971
-1135831393
1275268191
1128652290
332484485
-923787394
-1637534828
-836425495
1039085190
1905178463
1627822975
-454961758
1549135093
1170503481
-19075163
-683330194
-397959092
1962261394
2018589050
335016503
-902097919
-2039421630
-914420789
425838328
-1661524965
1474617980
-1988726402
-1490953637
-1502565113
1757987854
-1474194562
-2132828253
2130125995
-1873747225
889866736
-2066849333
1399402683
-632137254
72027306
-1589912337
-1326723508
-1505896544
1270478564
-417035797
-1657545050
-1100542685
1477694000
172916801
1058745693
-178373639
-606577497
-1407839680
-1254669406
-1351243474
652754532
-752515231
-1397121834
1608841286
-1844944330
-1845257997
1866862687
2006495873
1266001296
-1627745029
468026559
534543968
1693389764
731138901
-1828175902
-1326265496
-414441360
-1358616290
-655595338
2090137125
-686320328
1201874517
-1175286271
-628938639
-2013321547
1781230015
-894220690
-1980007947
-1787632468
-2073835764
1061567976
1382290672
80673154
567507767
-346274774
1072456503
-602051345
-954152142
1020473494
312838012
790945266
-1051236159
1971564358
668116690
-699111420
1547026853
1819691873
-1036663184
-1351866480
-2082628355
-475116881
-1759100492
566563233
-1792627991
193867374
-1484120981
1326584541
-1030231440
952298853
-308562609
-1197495887
-722007645
-1965016262
1324981456
2142662605
1806377986
1235841280
-1776905193
-921155885
488801053
-358094060
1123809351
651631690
-1203681922
-378998744
-1716445691
1816099032
1473843142
533362080
146694458
-1803530576
1183329301
-362851044
1818946839
-1050887352
-832521297
-999766187
-1346338727
315338831
-761340197
-529778644
995144141
-1372276770
1958672142
-1555445760
-1486128874
-1422374931
1739810633
1898516031
1815019438
1743083784
-167020865
1658253631
970260010
-1775946687
148060601
-930568370
790768065
-213799832
-1223777090
-1314573049
-14649842
1207514745
2133863918
2037906663
-90886380
-19425963
1460510894
-607898593
-651153533
918621365
836503433
-1420144469
-1971210439
-737587365
-1863987115
-1655847773
-1952930293
1112448137
-1455649132
-159737136
-2080170300
-1612398410
-1059454947
1542441089
-804792723
539159935
-1497745412
-1161017185
781095886
-6120229
-1112337515
-1368763393
-611146955
1269625747
-2023006705
227887863
-865975691
-1879615760
638993902
1044128819
-1516615375
-1029232203
-21100286
-1814334264
-67268262
966779983
-1120732545
-1661508215
-449059851
1151204427
341985133
-1062262375
884239905
416567047
-198566590
-1678194110
-1501822376
-471268436
-1225320756
-139633660
-525358604
680138843
1204884308
310046959
-1935652107
1973489317
591125504
89316404
-823368191
1303407425
-1397605511
-1019208967
1399402667
-715326216
-708285492
939193965
-1207136265
-103801117
-580059499
1078735645
-451037411
12544473
-1148345510
631464325
1493855885
1605994786
30896180
1080632296
1738229555
-971037073
-610234189
-741376669
924925436
539631886
-813465853
-680559041
-153381993
550798425
-1022219446
-2010848889
2021448832
1737748847
-158747308
1737322458
1604488505
1693806630
-1848271758
26950530
1568835290
-1318003905
1740343710
-284816956
289826764
193616859
-1510533149
995720569
-825973551
-926177234
-1012973829
-1960651043
-1446793658
1199962482
-2002435015
597318822
603170220
686353693
198661545
-1504591272
-208705692
-1962293931
-288410763
-500031529
-1067586375
-1808155485
-2099803254
1286164029
-388412892
-876519193
1431890810
1670364653
1641074122
-1828574837
-2146866013
-1890772504
1412432457
-1537295109
-14123375
-564966305
116169139
-1906468524
-524127328
-1267943288
-222722854
1753289819
-510807066
-221004364
574470861
1737156272
-1465009585
785831841
-1871612765
-544164286
1506164744
-718409716
1739383158
-1096133627
1451964960
-44386933
1931450034
-1571184414
1554025837
-1414067304
-501727089
-1755886097
1818664108
527558640
-1929881893
107932640
796857579
-320065250
656923132
-1396179524
-1398301653
1106014802
1545165877
429982419
-1606531520
288979062
1873730344
-1839420434
-1751256068
-1550242686
273952155
1863364552
532611212
1580351247
321653118
-1329007939
-949296863
1998879018
-1929845204
1722348993
420977362
-367737237
1698381553
1262534803
-496356672
-1264104379
546503116
654949169
1571650683
934486686
1007285877
-78435698
-25367901
1654686113
1489635745
-1188215678
-2068232750
-199526189
1998645379
2103250689
2044161465
-615349404
752404630
-1806532977
-1426618232
1889111495
-1240156263
985499635
-2143992685
2025799812
-716443685
1878399274
361238578
1827382348
250588344
-1170854498
-1382781976
1589408589
201016163
1625584023
-650265914
-1497060408
-60390427
35727601
-2116405999
-807782433
460236388
497962255
-840900318
1828044467
-332773208
57087503
-1560037747
-1760169298
421609435
-972397762
-1020899451
634974492
-840351089
1465824974
1036242046
-1785493760
-497766651
-1343375162
593284628
1373073189
-1009716820
-167742151
783329579
1893129587
-144289817
-1939551814
-300730026
337963907
-1650255085
219657743
6485372
-1288193420
500731848
-1384676317
993602233
-1257611777
397403486
-866387135
891847041
1837753544
-981315150
1436684927
1165766923
-497413641
-280558295
-845425033
-986938132
-1909220345
-1986632972
-1062439363
1357093121
-1410923299
-1099826795
-1151095924
876048274
-1356046564
-898302046
82506306
-1595095629
1528403127
956913865
-70630642
610814445
295568071
1232693011
53560679
397023518
1308327581
-713610132
1884105919
-712399459
-618522597
-466255774
1526904056
94792865
-279630529
599285293
-823725546
-1830543902
1842717440
147689199
-1077352650
680466816
-1095346339
359609404
-1278666561
-1414502364
-507699022
1097201371
454790614
-723087004
478408268
1108925902
1315173655
881521772
993189440
1087705487
-1620909951
-851343655
929389688
-1028124772
2007387313
2055937512
-145121522
789254709
1298065234
1473291727
162206684
-1736003484
312395987
-1025512598
-322071725
-1881015747
1985844571
-1187455974
-829920117
-1300195993
-739690247
-1407950870
1275960988
55025114
1948889888
1509700082
-1204104405
-1915138327
-275667631
1214077696
-1068044729
1240709251
654088474
-2114637196
-109557899
498009269
-1202245314
-762115733
1324146697
1847333234
-922961355
-1012472802
1707027127
512516758
-294072874
-1313348212
-1744357271
-1411862488
1309867602
-412921513
90267218
982226143
1467333732
1496270827
-1981765310
-1188421401
-702485306
1686806757
-77286853
1798067428
996925670
1980073905
1805625413
1507051831
-1360943399
1030012533
76718974
-701561473
-1879186289
-1007965395
1662227828
-1082373022
33534536
1616352022
-1471059273
-83435636
-336910265
-691492784
1031811496
314966007
-1825991740
-2021929538
-316646761
1723149933
-641497306
537015600
1357997325
-1504612278
-516998799
-304989244
64065125
1277140102
-1017059075
2027890824
-1060022879
-1059326733
-1804454552
396079460
-438638470
1328779202
2064688333
-2052756937
1304087992
-1611901621
1681049653
1502970431
1415078084
-1989634548
1519825741
1465217981
499249787
1354726642
-2088518823
-1055094312
-23485628
1316217303
192196968
-869965631
-1750250908
1097285708
904858569
2105066519
-665518448
-2143365481
1327411901
1360891789
-2133257277
-129158913
1662346349
-254577206
-791043503
1366467910
-1995971554
-780611184
180284220
881558134
-539858782
496624927
769338822
774568160
1605434897
-760599589
1650180679
-707920287
-1431318855
995009068
-978284992
581022439
-2061334702
-165009499
-1595005521
1319962931
-2001646987
-603234456
908078500
2145761247
-1703090353
1550693063
-1295592428
280278691
1187202961
842357294
-32280340
-1360081965
763906218
-1364684735
-433740695
1435102763
1666610232
-1272556735
298550950
446725839
40782779
-415409997
1499249782
-455106676
183638923
-1848895677
443647347
-644994717
923240716
1258097381
1823741782
-80869560
566710303
780179260
320592521
1217526054
1348920283
1738026047
-1312334854
1096680231
-1953569156
396136730
1587742770
394857777
-292770661
1440971089
-1890057307
-639994189
37502879
-1098463189
-1025526709
1640407712
-1251241101
-254663091
-171061137
-474366021
-1823546504
-1824404060
-282327354
1276137749
-173446467
742895496
232756162
2029075155
1254943597
-88450787
1430411304
1245009717
-1027229304
958609917
-1071758112
415553491
-1439679274
39334163
617820171
-1634535640
1871715863
-1373207607
1365010266
-1545290156
1221628799
-1600937115
728535965
-568859875
-585596832
2140824752
355189146
-1947532746
1653890089
-929985064
864855072
1134082500
-1551690610
701685399
1693147995
-1674876899
686972680
-1794640237
1056542056
1703383762
-546689664
351583752
-1625293781
-838387217
1636710982
1424831651
-1581726624
1902156673
1505222471
-492909903
-267353616
-281597097
1022995583
1387505784
-1807772283
1750975245
-752782932
140019685
165750624
2092781126
1466216259
-988543897
1287062377
-113019080
2007933607
-739736295
-1079598457
-110028948
-2075762280
1990731046
275576114
2069393606
-503924503
-1191952792
-1406418107
861369027
1565049461
1473804882
-137579240
1054511106
-1594005933
-1853125360
-1436329522
1597564933
-1946076344
1558052588
1350090474
-545076936
-421954947
1300342771
-356487896
-1373122767
1832909425
-1076182568
-1570775414
-2048253640
-510696144
1723184151
-571555408
82351370
-67101243
-45416867
1575460460
216119770
1120504044
1387062566
44412821
-915533928
-381506292
-1487879000
579208731
-804262284
-1504158365
337653231
-510703268
1323033253
1700684930
2057056840
1583655093
-2124119963
-626761220
23036131
662557274
1153496128
1720602458
-168674637
-1058602134
-1019882610
-1988370351
-827547495
-613841603
-1300500162
667497014
328466368
-1691472896
1830370004
1659272881
-303071158
586197636
1945887156
841729457
-1442268629
-755773614
1372083360
-1226268001
1600533589
-447480062
-514929282
-2105556779
1745629717
2102820812
346388318
1583391569
556954300
-500602273
1185968316
1135195045
1436796801
-1871621135
498150913
-295187406
-2048482394
2118059415
386596943
638038421
1117522648
1540936918
50513022
1960914784
-596344357
-1637322375
1327234656
-1828008948
-1863260826
-1588118364
-820648884
1746946094
-31503541
1697676584
1403985626
-610968343
1474449883
948045081
1669284074
114388387
-1991016057
-1918296930
-1314833429
115876091
-222845750
553829895
-673557415
546182394
-897172922
1792257828
-1969399161
388506248
-1401723603
-928160812
486681502
583459872
