8000
550831046
-1895483070
1522455607
-555227010
194037468
-1855000274
-635998245
-28322173
-318475684
1199576479
1689799538
-303206235
120551457
596618471
1046431208
-1903623337
-1972834427
-1574631451
-603200565
396030841
101010110
296605082
-426992301
-2059563504
181894789
-1874240516
444893346
4169529
-274038792
-1597117942
581624907
190121050
-1841677120
-51718368
-719698408
-696144485
-301895306
362455947
-845319673
-1431387500
-677117374
1514016352
21241238
1646321223
1578351045
1257387145
-345365696
42047056
-1408789960
1228999968
1845488198
-375537317
-1824789291
1550636799
-2037709134
1780297941
-1586209931
-645117033
-347974248
-124792347
329113722
1287039745
1612257695
511142301
-1476736786
-1394870958
-1094657089
-1078697876
321881324
-254352078
-287173557
-97562409
932848190
2131460015
1363664946
520113512
-1730917049
-1296151218
-642038143
1123029478
1759116323
813535331
1947128363
1765708741
-414373876
-289993566
-1851554804
-899832352
804337919
1982477301
1505517867
-1744460955
2046756766
-930100081
-259645121
2079675919
-929261225
-1077058496
1661780340
-166884453
600963782
1453073674
-911147154
1955335796
1124523096
-1175462155
726401165
1026618800
-1532308176
-370910433
693086579
-346783681
207908941
247745558
-719951422
-995954847
1480681452
203321194
-1736605654
-2020141992
1076146986
-1374505860
1947269794
-1557953185
2002078189
-2058716004
465630964
965062106
-1998929147
-240367533
-1802770561
-1740821042
-1031589747
1544316412
-905846728
1339374738
1514135191
1763800473
1312894961
651494086
1413273607
1293735395
-900937250
1325866884
1475433919
-189509982
60900180
-1969763115
-979010564
-1486123969
1056270802
42751846
-825488897
482427031
-346049211
420339067
-933961745
-741540591
619321991
1529645348
1091010301
1075321330
-969801176
778025389
-717035575
273497839
1984587633
-245706662
661814019
1224696067
-1359846491
-48917421
-1755463595
276973954
-275601014
1835164125
879966080
366738030
-946293465
2002491595
1183619013
1165460489
-1360088114
-1433076173
-1750261371
-1481171029
-1581553572
261424483
1042343467
-1995660331
-2054844481
635778069
-76666295
1981588869
-1517647432
1028134370
-1208465919
-907945269
986728929
731280116
927311782
-49573220
1719063793
-1968390656
-1143939934
506156517
843959871
1122823538
-43596647
-1225587229
-923346556
1852322793
9589454
1426459569
-601500444
-1979233307
448299461
972385570
421277487
1547651774
-1282581206
-1222124848
428662371
256650967
1001735665
485231477
-1242908043
1187618067
-671886146
688191608
1174093904
-1189772920
-1971585402
-1645948981
-1046216419
1131382642
923492213
1237626611
-427212347
-142369686
-457912302
-1055622297
1534627507
557642455
-1478711136
2074045470
419579870
1336031140
-634693945
-998827933
1129408774
-1974276301
-882824845
-75489301
-1132391875
-901173871
524318460
1368965160
1822659752
-1224598038
946962823
1325591263
-173602938
1952648510
-1600799317
-868175368
-243291790
-791155628
2029412183
1495997588
549491172
1770224879
-275492622
2046343525
189757181
-483877313
673052867
1466597945
2087226243
1425501338
1370583186
61531350
854833449
-1646253973
-141028465
-506198771
-679691500
-256305046
1452443251
-3175415
1312021658
1050925837
1612357093
-896296729
1433755724
-856564931
2071119646
-924473717
-592325834
-1416700851
1202771663
1644526257
-328085404
-1779183321
208429633
-516984254
1792276648
705917640
-157874498
906411752
-1735646566
567626221
646398767
-1980929564
760678112
600514574
1235535878
-598134754
1615195311
-904393845
2007982429
26315645
-1938154863
440372005
797433695
-1187742343
773853032
-117021521
469016806
296021741
-1846097998
1106656004
609330278
-60901071
867144462
1571819323
-1045019896
844737640
-1590215170
1011425561
-1927742951
1080436501
46240749
-323951930
278652581
-1895623948
-1652785804
248902596
-1951213729
1356225287
-916439336
-1356114148
696129731
-1544671506
-1511613737
-963749671
549674878
-1652381829
634052003
1688262330
-140479219
55877765
-611249106
733143074
950635171
-901784580
-676138072
663871827
-169912753
207864382
976565573
-1958556197
-1912119714
-1683532888
743467587
-1743782323
-55372035
76685166
1745128491
-508906188
585676323
985486255
1662963030
-1968472251
-1473584723
280836803
-2052231758
-1581522221
1875549129
1788131799
1901434822
-580447609
-415166056
13214908
1941670387
-365521073
1308962831
-733349125
2054000636
-543480426
1345004317
-1111530964
-1228500793
997265846
291119890
-17862265
205861988
-1393354838
-410569665
1872536251
539027022
-1511691768
984202457
-498795522
-1380567055
-152159187
579409186
492357477
-1527224468
-105890887
-1408207414
1146415989
-1766977897
-74535619
243853457
-1630422791
1511734855
-1236656077
1290739505
995115541
2031847888
-752882130
-1298836357
899518107
1590871755
1493563730
-1700815936
1044660636
440632600
-767599099
-236240270
117081154
-1652128986
807275494
-1193793527
679692765
474915441
2022734333
1886728235
-27836102
-1390862260
123333172
855585542
1960511291
-1071507744
1204219910
1018433536
1429040804
-902722956
-627626379
-974010734
-1091440334
-1747613970
-370114239
1286846833
438869489
-740159080
968820054
939425774
1248205007
441971495
1093186693
770501022
-1764524181
1935646201
821201015
2065111101
-393787598
-921324386
1444960478
-1573465137
1615161517
448459930
1459087596
326794503
382102547
548505960
-1641883640
1177174509
881470245
1389235136
456288703
56195258
-1724621765
-568151780
-1132242696
-946322170
-2084685159
-456167560
-1951454613
1245178660
631889926
969546074
-1231310252
-1527351860
-1457970273
-935479791
-1827618461
1561104891
-311225880
-1705993664
-1933103882
-387791594
1700811299
1645544606
493069961
-631152299
-191361820
-379567370
1308825196
-685712290
561784805
-1904172171
-1440387657
603352112
790424342
613070372
119481211
179506754
-584490248
578462386
-1861693126
1974033643
1305678891
-51472777
1638376088
384882436
1929434181
252415669
-1505719215
-2019328565
-40510492
1483604768
1643347565
1471999242
139421190
337392799
-94698062
-938454664
487354519
1334322260
1996492890
1060954462
343437899
-49580326
687393286
-1092699267
374020526
-752367667
-100351246
431247406
1759275384
-1250283122
149411433
1011792075
451790373
2113473863
1323861114
-228220595
125683909
553594668
-1754418453
-1991399370
2055596816
890774276
302188909
-23439183
1675518141
-2068501273
-1479910127
-287104266
-1401572845
606802505
584310522
-1238042893
-556864577
2111106870
926810708
-1875876568
-275613720
1362664415
-426160764
-1955698222
-349506432
-187865516
1159432864
-1060878773
-1826055459
2093884562
-789509343
94440624
1320881287
948691648
-1246629161
-1220165180
372939091
1128706485
468499996
-582797037
1605849776
1910921662
370571084
-1162408102
1259700288
2084894109
-1673244812
-1720490203
-190559830
-346441261
236555849
-1361884230
-1768642130
-1515033567
-913306278
431480373
-108790151
1032736588
-319769975
843624692
867093306
-1076525279
1706335671
1758721332
1117093620
1297365176
73334206
1473339132
489051285
1615915772
-1444233052
802480953
1109172296
738847594
1969656588
1634513962
-529064441
-367150312
-2096307473
582492158
-1142155917
1470023672
-1462969972
-885312070
643524327
-925698467
840204445
-900901792
1856755146
-1952203074
-319060278
1639909453
780280868
1170990010
-1729013918
557177570
-267005069
1360790620
-1710720696
360904806
-716136769
234851999
-1759221461
-1809592277
-1499266580
-1090529740
-1410440455
-1133899026
-70688178
-946121854
482922132
398111619
-530404222
1772310253
-96451642
-148255311
1391623035
649231450
99899762
817076058
-2081022757
1400064755
333558797
-5193761
-1655372157
-929764057
1671038795
-47783486
-1108700819
-843424524
1284374300
997976716
1919946168
-1113661336
-1839709223
-2011325200
1508606980
-1671441820
-1187508806
186421552
1899542528
294892451
1658649484
-221489217
747061312
1540540410
-1349705569
1987093031
-1744713901
-757742623
-1563853308
1226413612
260033044
479415857
-601597192
55553841
694445888
286087726
-2009059174
693227995
2011305033
1678482888
707075300
984511988
520375145
202418205
-578416424
-1054143855
-1705146631
1185635394
-2039599623
511375477
-1404494334
1411306563
1298269948
75097783
1737872916
460779623
-7882817
414393763
-1134084522
-322955592
-601618310
1815765982
1734944734
1568466625
-487976909
-1166536244
-1471033534
-1680022119
1820199543
-20048075
-1620800657
-1411160544
1063474246
-132137178
-1703930440
1860055432
714654798
-594412011
1038139185
2105521175
-1549413796
1837594184
925902654
669561386
-619822577
237887094
-1199487130
153733500
122242254
-1675055442
718334060
-1249557848
1454655227
-599836809
1779422368
406714092
-1949770648
45254456
771578738
256396847
-278888438
-1975402022
-2131887545
-184641212
709368555
1680461483
-334283121
-766882704
353404517
-388530043
1016542487
1791483433
1915256204
-1831756754
-147916133
-1065136608
1444917740
-707632894
233652639
-632842111
867825523
-1721862193
-1621696130
-698640007
-1066091600
1788963839
726188738
-1205132040
1368407102
724964092
325041334
33773240
-1127141254
1275299279
-1903675334
1760910973
-96019845
-625110774
-1419465770
-1469887331
-1196641469
1210171112
546784528
1357816514
1002317361
-1292345422
-1645456639
196652270
1447432122
846410851
187188773
459335359
941290328
2012848015
-1441441421
1479405811
1708399809
-1223917440
-962971475
-1332618449
1142104156
-1434463
1919170552
-1828534789
-1644138768
-1321420001
2135224495
237838609
-581898082
-861612340
1561089907
-384497193
-451552495
1805257287
-626679930
974163496
-1225312525
1277958746
-808550567
-505620646
-7550814
299877026
-98194845
-743669380
294670371
-327604107
-2033806285
-869424417
-1545644970
-2025842689
-696921912
1550469079
854715755
2103996334
-1765628384
1380869826
1187988116
-972333616
-1279810802
734695497
434089724
834950265
1694322512
-2093293595
1854390774
-405874775
2079279328
674099365
2021035641
-290420306
2136302218
-954213843
-29033012
-145942073
1115133886
-914785791
-1750394499
2130180362
-916657753
627346691
-1217691497
-1208878713
275937659
-1626776262
90471443
-1375781972
-472288236
-86833196
540632718
-1599861270
1601151680
-1901879442
-704750788
1146987160
227521876
-1095651695
461070364
1645592600
1422104967
1180491392
-784629907
1583271735
-42699908
-1109408208
-1074822048
1928850393
-448197728
-408869481
435375886
-1695622187
1604109750
-1018752727
1765798827
1185943581
-2038008529
-976039521
-1090250500
800265250
-1350065474
2100591609
-1883289082
91492214
-143517908
791774662
726937351
89210290
597344104
258595235
-1353653847
-689078119
-129090079
-1694814208
-1712598923
-1658359683
1055702296
-1443188695
1764156805
315002593
2119686000
1140399492
-1972247427
-1477017761
1740023880
759567639
390083515
-188585268
222386763
720052045
-1315601203
-482283367
-1845049594
-610297351
1003491363
-1002222980
1706294202
-1199391077
137254917
157320782
-1483819149
-646362911
-1845909818
-1184892362
-1521404327
-1159691921
1797110842
1586779911
-693707195
-987713310
143220324
1273691366
1240375446
1187331858
-1254440588
-1417054672
1541481797
-10419561
-1701446929
51199130
1191580471
417957006
1540551727
1142959256
-1429927470
1453079709
-852258802
1314278147
-2120998958
1881999667
1569322974
258982133
328137565
-1506973676
-1801305189
1801728503
-1814112428
-40881388
-1029574301
1682624606
621611499
-1541020382
-2036146138
-578497551
-1344348037
1932110728
83280281
-205113649
317908118
-2017998992
-1965344913
-2030904177
-733684132
1871315881
1966477259
-377190487
1514088460
1793016491
-1384885009
93339923
1297426141
-12621608
438182969
-540535249
-1232339698
1243424516
1398571088
-1891610397
-1475098308
-1301583561
-1781689702
1133350409
1013253875
1297378737
-757657615
742610442
-746920826
1352452141
1416475797
1261509573
368878114
-1793272470
1581517667
-667564620
682970657
-1990237466
-1497238457
-1335876271
-254119269
538742508
1112120814
-996867914
2023196739
-1674304303
1919280832
-195456381
-1537392017
2084239737
-1278650099
-1309957117
164694136
-689763296
-792447355
331261329
-97898429
-541167786
-850704659
386361656
-1466970592
-178700725
1292918288
896951193
-891081262
-156818868
-423047949
-1747282159
-2054141714
-494588787
1892495947
241536282
-759247256
685312040
637623859
535495153
-1479307414
367183973
-173392615
1778198137
-1160026777
1575409468
12779001
-831480737
561374576
-844511209
1120004046
-2048814978
-714640186
1267733211
1842385476
-997877885
224367279
-1311769815
-763202127
-1255395116
-201757811
742664160
-1404041658
-804645971
-1731589845
5353190
-1110716799
235514508
-1867467686
1396480296
-588628763
-534945585
13851580
1064444638
-267642643
-1162434918
1006244831
1946172435
587649853
709807870
2040136845
-1763308188
2003117339
-451072937
-502179999
-1688107769
-1479691492
-370667787
1771764637
1561997327
-81483998
445942269
77222715
-934681619
-1546095227
-1393352047
1095507265
436730937
-1575403121
1938148654
1978347865
-891014990
-2017618642
886955350
2083315872
1028278147
-1718722588
-1057567890
2095189950
-1862785080
1994354945
182252776
96951862
157552719
-50798316
-2143438172
-1990201602
1317598882
-1960239457
175153555
1381738065
-1033153979
362713609
1532975517
-893194044
34134075
-1012724520
1319947972
-131111017
42592975
-926779361
-1965447031
184149581
-1414282864
319387188
556194702
2075911551
856067484
-1843401818
-2082655876
705375980
803413537
-1093754003
-1012208858
1312046803
-1933063903
-1749122461
-63512338
1999169156
1147968628
573767155
807060839
-1289878476
-1350362349
996723215
1936485948
-307469295
-111277422
-195235225
874006351
1593187990
-754314002
223335127
516772901
227739679
1705525896
1671078688
-1604492416
639370687
-764964751
715491802
1283086669
-1604953263
-1064622360
-1288213847
-1646021952
8210125
-725683168
-499653714
262514877
1010400476
-1194021051
-1936773567
-1656908679
-71607635
606046145
-262744356
1317894753
-1050287863
725943482
-548831143
-1094525126
1925565604
-692201249
-1030805920
418597769
1567711158
1906945636
-1666278
74654004
119713994
1262825290
-83624918
-2079217816
-618163498
1686228451
-1358431524
414150845
1700752010
489886101
-630107233
659718040
632325356
-784503842
-685817680
-147993391
-748436700
577690007
1327576088
-1152904043
-277958764
-1754672004
426525912
1338510732
-459190229
932141291
643677025
1252683325
1580091899
-681770005
-1233817271
218653873
1968777736
478186864
1160378428
-614767530
2004871010
-1657658660
-110904272
43347494
997323381
1736140233
-599026468
1941124872
-916953698
992547589
283933290
1776275574
-795333886
-1602120227
1122980202
-426264737
1951411099
381356958
733151754
2108910925
379771795
-338724008
-2106438012
-551551030
1310439380
66471397
-1051976489
932061696
1014401247
1173754409
-1525012551
986102943
1276608221
1794292122
743262923
-337766397
1994423027
948893954
-2000298482
-546503531
-956229158
1534192003
487707797
1149871472
-1239133266
448562651
1306628732
-525352632
1916257541
1660665833
-132141544
-480068217
1043723587
1692920432
2049380463
-162420808
303967787
1913289497
-430561046
-932712152
215595193
1534027966
-1913313208
-71581494
376935216
1561831909
944797398
1911881563
1713697902
1479972746
440916444
1859551685
1054486662
-1902364639
-1046086566
-1891306040
-1256664432
1196078810
1553682164
-1430424361
1485897658
1331006246
-67996886
132636991
726759331
2131563641
88319435
-384863858
-158939672
-1570656687
349166763
219024946
805533950
-124419977
335776659
-354589344
-1122733503
319065989
-2060696456
-473245386
-1144937651
289329575
-1511282960
-2005291997
2093796492
-98022491
1940214497
431034246
868552976
1787787808
650957435
1302984853
-526421085
-1310029029
-288116889
-546644096
884052251
837823421
-1748555968
-1241658155
-454218767
-439816620
-5229758
1462720805
34626836
367168669
-2084579520
-1823767832
-1503166981
-1371633086
-1350767653
-1086882147
-50651143
1923742627
-909649936
-1500125899
1490396372
1860465881
1608248658
-2104171343
-1716433769
-862427913
-1665311560
2044483337
1595460775
2120704402
1056830713
1695277904
-921582573
-2106513789
-156098186
395808020
-1895194320
2011450858
890428374
819156490
-1338848155
-1097595786
1172342008
1390728682
-1526125501
-1250017820
1667619109
-2024018792
-711829800
300035525
1211724677
-241044860
-866188220
-599848829
818910420
-1199502510
-1600612724
-812691291
-506125995
805011132
-356595026
-1852492719
-362280442
-842712137
627500788
894484242
969970964
-1020270124
244251277
1795220443
849492369
1232874729
-1137900967
-1482906804
-1872625053
-1215758608
-120912125
-389950925
-734286721
1946436654
-797013932
-840219563
271447127
1137573271
1016777158
-728211603
296339089
1936833904
-1436363688
657218164
1411860472
-223329738
-671530592
-1377063646
888072375
-733127746
-1340529626
-1025346636
2055468740
1358200477
2047123694
-454636816
-150903911
-1672959543
-993325482
664168549
1687204137
-1520795008
-456020958
-2040597769
1361984017
2047461992
-173586219
328523674
846022926
361075703
-102995902
-1567304099
1847702447
661707028
-1675706527
-1322785878
553380939
23549950
158341478
690158028
-1149255884
-1644635540
2034104847
197035696
-1349701844
1290750710
-291466947
749412847
-1875499753
1326857395
324850630
263493387
1511188210
-973027038
1521405321
-2129342472
1995606531
750053453
-862027582
581723102
1139004498
-755914965
1945298590
1869532701
-278511273
-264773562
-1107565295
1856803217
-430301708
471030429
-1784328729
-893006826
1682042788
-1197706549
1607613209
1316224590
903256821
-251088281
-1893639071
159517601
655555891
-895288914
1848642064
-441076091
-1225593499
-1058398369
981152031
656284927
2121062525
-132175130
1146776707
-735119000
-1393791798
444239036
-1551704124
-95900812
906496177
-170788595
541370064
516509040
-510533477
1341048986
1099886348
1539529162
-1413410767
-1318124576
1542720939
-566582058
-2042754362
134839418
-139974845
-225399089
127999765
-1951426365
-1341506403
-19557861
1420362283
-1131563585
-1477398324
-1170009646
677025190
882197306
-1074048
1635486848
1704615199
1682570801
677413531
1618925354
-790407452
-901911183
89668100
-102546289
717630442
1295910014
1345396923
1728142511
-820581631
-991194955
1847389230
447023248
-1738620087
2040321204
-1500337462
-1883294145
646607332
757167609
-1532835116
-71354092
-769304852
-1465016119
-192660872
2028694074
-973314649
-1829173678
-2008353502
-1400582801
-1627167751
-1832052461
-1662414324
1996078599
-250991334
1074801531
-794515433
237496373
2104945544
-971942704
657988319
-1427238259
1393917501
666058834
-1285839607
676494276
1918598436
-11384160
-631950370
193646778
-1551658807
723816793
-1440946147
629079738
-1831202480
-778512123
-1635790836
-1741658624
-557834072
1646488886
-487870768
-1996279685
-645286912
-331981078
-1637915394
880791763
1521369209
974439731
-90124687
-1124143700
235601692
1443292185
1217538397
-1139655380
1752235021
1752128959
512645796
-358542149
1705534721
-2103455293
1683268456
-1244155639
-927610131
-548565269
-1753113632
729053780
180701951
1013791485
-451115153
-1360082710
-219491631
759600365
228414962
-2035880467
-400165924
-50350787
172025433
-1392016298
319486506
-202280800
-1983488392
-646164933
-329631153
1930215649
554282015
1487086164
-1393964391
1790138371
1453097831
-1101025861
2027232134
-1545354840
-255824306
2009271795
120136566
901494454
1748615558
-1035696342
-679800415
1280935735
1906084489
299424450
-616383414
860864128
-550384912
-1136000499
1622228532
-479435371
-257649403
503927128
1263499093
1137149899
-1869881962
-405649622
1933010121
-417145425
736040716
-317420595
-914979831
2061419046
967895483
1971315981
2119611740
-362359339
1131191674
-1737153985
1882083724
-1690635070
747112566
-1546959739
640640733
819946043
-1788537021
-1601673393
1169772858
927551222
-851754445
337784100
-114351695
-2079646343
-1148025877
-1949191007
143165729
1423313084
811509042
-37529150
1157249586
1394413836
-345837044
-911554720
1835923076
-83930319
-2056016889
331881722
1481751338
492711378
-374616620
1391668407
734576729
-1536829160
-1090325480
1879971243
-423608228
-1659546478
-1659338876
-2087666087
-820692533
700239704
382092323
-1728908424
1377280251
657976946
190732786
1876111097
143307960
1528534394
-1583553867
-1005302967
1426680369
979703167
915396872
-1995659565
649143347
682812972
608451763
-863667256
-379311718
1173179689
-517394365
-1125027806
1813548803
-305686592
-1089545259
-282222107
1270843334
1206438595
-1196414668
1536209831
966545955
722791597
-736907994
1145019731
-1381944646
-6402553
-939437566
-134724311
1675375424
-1074236403
-1064331386
419308808
2120521839
398231953
1537506279
668303343
-1764408514
2080995870
-1619828184
-1052906559
846164306
-634905761
-1279096401
2124755784
1573163187
-1258420031
1347939092
878171259
394074819
-1251994281
-124350916
1631887107
1086171755
1728018430
1800580518
-847431941
336249238
431691201
-411813116
1458929655
1822355938
1204850302
-1620797171
-744475577
657349781
-83955767
-1749180783
1294412925
-2058502707
526856720
914175693
23206699
492992251
-1860901890
-2006830336
-610877200
-1788588911
-1428445148
525082941
565828790
907070202
-925079338
-540984189
-157787084
-1984198966
1221551699
-363148790
-96169798
1692773430
878609192
1762228191
-1516540883
1249546694
-1330810155
-1658285901
678562383
1899381320
803450544
1668290798
1144785475
1318466056
6706441
457386250
1258257488
1963168573
1605260942
-1462167265
-1938593820
2045377989
2122946033
714428857
-848155172
610557461
-1604592185
181065201
683232002
827678570
-1998663501
-983180613
-276545834
-715143868
36583363
96927611
-718759279
-746166252
1239438105
-2118059042
783645798
2005059891
1841303757
342021863
653851402
811364886
-105296366
1397095240
208815479
-1984261440
518358679
-55001869
-371229973
739021687
-1582721489
-778886161
1199734582
-1539469894
951808179
1812795503
-1557639371
1987174513
-1829702618
2060061727
62036377
1535988582
1411856666
364928193
849059821
573799923
77858131
518401016
115909590
417031421
273237161
1407768676
-1182833509
-223706080
-1777554382
-1109408786
655847655
56276523
1520692128
-114478236
-397913906
1790030030
-981987098
-1479208121
1086442509
1028130706
1526268449
-1665485341
-1815359339
29944328
-980143690
-1682710880
-1845510838
-2035084987
-1390415689
712027800
-83553017
1748406413
2109670282
-165853591
574086629
-816677555
-648651572
-358928053
1992241341
1846583886
-337042830
-1082266268
-218186518
1609347624
-909287119
-2049497766
1689666643
-195580684
-1863445985
-1919652054
315511720
186608964
1383421594
-1023826888
113386
1250791511
176426600
-1176492378
1317505585
1150299529
-1102435297
-569071640
-2133223767
2121404680
-2145031225
1672627352
720358365
349138380
-1146990659
1626540422
1309199671
1859074760
311789530
299578899
60599239
-1619480739
-280877357
1453707198
1117697091
-444624113
266553826
-1926341889
-1459644082
1482249338
-331999578
-1929589421
179404285
-1743250554
1208693575
-1168765800
-1685871466
329796313
1286937821
1476693914
1648608666
-1310710643
-2137325550
-827198483
233788165
-728201694
781056005
-186409732
-1851839533
1962995638
-1342646415
960082018
763134918
-1664071053
1675681806
984679288
-625605786
-1810423224
1529875510
-39989714
-900176823
-2037430566
1059573452
-1054984418
-1419899500
546310077
728067417
220269790
1602057409
579698654
-3188617
101597333
1349928610
1300014148
-1839913358
1575220688
-1525048156
1776093687
-1964895189
1685339030
-1773551016
-775645377
528232511
513589945
1290948399
-1822911471
1233687657
-535616146
985766021
1742917062
-103853788
1777701920
1148764128
-1016544754
-1117786220
-486999168
1446502776
-996801245
-870208090
1242232800
-595581190
-601204927
-1729570699
181348801
-402799992
1630477652
1419569391
-1312505942
-2100816380
-1421922061
-258914632
224020794
-2082043250
-1587070067
-1309878962
1325606784
1305271370
1372852449
1729802093
-1933365622
-1234575770
803716275
2063643828
-1109767109
2005924699
178599868
241094023
1837320289
355399026
-403834911
-1467741897
-1302990329
139111305
1628164008
330627680
-519156218
437446166
1169477863
1500575122
595565282
1581019244
-2090981699
897193523
-510444078
-688127427
579738310
-2040648285
1604381984
-200819361
-1708344951
1836908705
1282321331
1225540562
1960167989
-915769620
922511850
-1018254846
-182055539
844210477
573071274
-1845180088
-416745441
2062006548
393638842
-444483914
1839946683
801931200
-1273609139
-1494457837
1569371171
-2061001117
149464288
-1592614620
-1772090625
1562963237
-1325488826
323693357
-362764525
2081145929
-149326336
-444774217
775813811
-442778738
324255186
1217215378
1215399285
-1220838441
-1684917102
1423483677
-721904344
1851033357
-320694462
-1856085820
-1437642235
1746999876
-1496495775
1575076041
767091236
-483422692
-317769859
688974663
-1831374799
-418326167
2104938253
-1783438988
1954279775
429529622
1207443325
660704038
1974634139
-1120188346
-71731063
1956157592
161395973
1198225339
1444616653
-383107987
301871515
1129139067
902940573
-709426700
-1637862345
-2118877264
-581609198
1591100332
-729119301
115322319
442602340
493946379
2086976906
902278909
1968760447
833174139
307585593
-1961344851
809361103
-1228689756
-645668474
-721694835
-487497633
19606512
-1758620792
1662946466
1722875681
-1408791733
1214987560
-1175768911
-1766717297
306954538
-676870705
390468065
342561394
2076845519
501224544
-1540264035
-1259920640
-1441890870
282019688
-1072686913
-828717524
-290355518
296336532
99209194
769958970
-170783627
-1019438237
-999878090
-1226281583
-1617180164
2037307163
-999283693
1997287380
-746284205
1115413504
-1296725914
1011705906
460112665
990862275
-64600584
1713661693
72829075
-2064847559
-1095065840
268556409
-96751114
-79334580
-851435683
-1982101770
1422040805
-75006154
138290202
1023060513
399705912
479666667
903365228
462378902
216932862
-64167722
1896230925
-441325384
498350277
-639450680
-2083581393
1337223621
-1932727528
879862317
1924159130
691234340
-451828152
655379840
-147424489
1534502401
1333876079
-1375140096
391145233
363311387
-747598415
162626211
-1001637000
-9622820
-1311130939
691816779
-235488024
1540840361
954535859
-895835081
-1035682806
-931431557
-1074249762
-182998085
-1233117126
-1402957394
-484817851
-1195473613
-1167558550
-2126905832
-25710331
-130589643
-632211899
1150877533
-1936171230
886489861
2034628502
2139081346
-1684050298
1348347469
2044690923
911607743
-1946491832
1688422413
2046448757
-1830303592
-1250399950
-901777968
-1725303758
1662339886
722005117
1003122207
1104303693
1516969682
1775578846
1982474554
-1216148284
-130056742
1507948997
2141452549
1220942155
-1335168840
899614435
-915164096
-1722906000
2004848199
112057325
175694075
-1718532353
-1379701400
-1057349984
266277448
479505319
-77063219
1049371908
-637407951
711581405
2109877780
-1777154573
1800931564
-410190081
1977695511
1621339612
1680809549
1301778109
-568728446
1755691972
1136081531
-1031617612
454596261
412461709
1149364454
2137889627
-1355982454
-2070574469
-747272072
2025118242
149799242
-1984180493
-1820049398
1164531927
1783348124
-1306594171
1903773209
773014604
-2146107218
283575083
556167097
-931712201
-1397211849
1585344722
1399274185
838612568
-1318434355
1183852570
1510852455
1386235617
1201079155
538490714
-954108762
2035988241
925800822
2007821286
-685894530
-559773407
1847157880
-1116185197
1298000643
348704868
-819356980
-1617252741
1976036570
1983217833
-1400670715
-1229815043
-1837174552
697782243
-806773303
164722183
1592117579
838700555
1273293802
-251359850
-32016499
786241349
547085750
642839422
-1858998250
1282393153
-1482733938
-1933773210
1959076067
1911553252
808916917
-939944170
1537159029
-551005914
-1022144151
499197429
-213245429
803814461
-2047708873
-129780532
-1289852910
-1871350277
521138571
2000838864
-586091044
-468224396
172142214
-939083554
1989863312
-1390866461
1742488596
-76299256
864280417
-981450035
349681980
155348047
-2093509886
-394088346
368512186
-397192782
1860320345
-808235212
-1588300086
-1440986777
-233381518
1141130738
-2065337274
1792544104
1551738806
510726326
-910496013
2105729072
-130570660
1807963221
1420498711
1511467206
965274654
-765000698
-892943794
-1708569862
-1473205200
778616133
600138653
1546797038
1021494893
914587129
1672474823
483177175
1154817747
-1831790376
-792442657
-551508475
-444172239
1457720330
1477439518
116778016
-351549922
1967103500
2077897974
-1079656013
-1366545875
-879139625
937628262
665383662
409145438
-2083153088
1912431503
-1324975705
1021517526
139978913
1457536136
2008346530
-81007406
-397377863
74742893
2018488593
-1238387495
489927120
161541310
395684701
-2010810831
-347050209
283673061
-700459994
-1284032109
1995257197
-732720872
689540232
151219489
1672049661
-1487532191
-1960479584
763595671
-681872473
871509498
322794318
911835841
-763285948
-864557090
944043579
-735539924
1893513295
272061596
1525722653
-155880672
-1556406072
-796601235
43469625
2094360269
-907089061
-1312069239
531824169
-1947078717
611682497
324719285
-1024212769
-1206150745
-799968922
1298414368
2000595945
1326209571
1972946508
1483838319
1073142774
689299998
1297259566
-774838250
1471196056
436686381
-759474968
-30521111
1714963787
-321328568
-1087722730
-1406396942
2078331317
648281280
1591497722
-2056075900
-1281243601
995609712
1971739554
-1565624432
-1310976125
2013025842
-894001335
-679351754
318330103
1852204436
-1314715139
-1143233633
1337126794
-599259956
-55675006
-1584175863
888156541
-960268312
1956536694
1694710563
520989204
861288265
748403381
-290406502
206115229
-1705730735
-1730437890
-1336909837
-331814479
-309970085
-1133335338
-508183141
1927765433
301861355
-845129812
-1881048260
161228723
-1505171418
1963806781
311298897
635010358
1086332548
239791417
1755468796
-2066986829
1416943811
-1265152474
-1693828074
917517053
688179998
952396421
887256456
2125218058
-906529089
-1973522638
1357256920
-927659525
944161137
2031095312
-1277041146
340642137
598529177
-1307991068
64634521
1892798881
-595822746
1511676033
-791794444
-1971051774
1500010567
-562520795
-674034451
-683988380
435222941
1848225059
-2132170337
-94704468
1433941425
-892472127
-56171393
1244668478
1937018344
-1416461725
-707315283
-1864169790
-634537675
375776744
367375756
-916397781
168764878
-862903725
-431738988
-1861777419
53764642
112956846
-1633952154
-1311873619
-1801543415
996866858
2087360800
-1436761674
1606536509
-394335349
1981962738
-1707781815
-1291132920
1446608834
791008753
-467970883
2045275967
-279119397
-1940505046
542491912
737781358
536909849
-1483506182
1337546117
513220436
574420574
1423018653
1604996599
-684962415
-957177392
1517983747
-221019955
-519081571
401851066
1107248874
-1973427801
1374766844
-1039925073
-369942488
-598179816
601678255
112198900
170193224
-1516180819
508784365
-1439678689
-1190666663
623394350
1754713362
-291450885
-507822847
-1165662941
2029072087
1578286766
-129200936
-1332130919
-956875324
1989729309
665854195
-449180891
77950946
1890908303
-1750970690
-577350871
856720563
1739607952
963393038
-1942974123
1718377830
1588874775
379876981
-45769103
-1448369082
-1826154773
1169515992
-1318390952
254670708
-2027853503
578264127
1349298759
1897499349
1409928618
-20387604
-1070346153
-1135053491
1874537771
1291125934
-2130588857
1543576876
-866437459
-45705866
1909839743
-1418430488
1852257943
-294889686
161342033
1660162317
1942242489
2127003065
1680098433
404556912
1812589675
1886757999
-1061150457
-120285270
-1945324811
-331751799
-991532013
1594195652
387981361
-712131317
-904536496
894818351
-1780601489
1029463505
91773036
200735734
-2034483560
1316411364
-2076673320
1344354870
-292288107
-537749233
-500009524
737150157
13176817
328698033
-1517070963
-295010224
1444515516
1116537811
694832882
2010099779
1353975987
-2049833348
-1620848605
1945940611
974704285
-2080500156
-1776395868
1328987654
-572446217
-812793306
-1979358319
-536225593
1241255379
299289498
-1029778645
109607163
2072670716
-605205277
1375454354
-1119386232
92519518
830763173
-1345999660
-1103795785
-1108550492
2137689786
-1720903642
1411526695
-1376584158
-1997946299
-1651537808
-726017788
2061825013
441666822
-973195250
-1659805831
1075102569
-1131586577
-98057004
133833315
-27463526
-757071624
-12384429
1750508614
-476352163
582448687
-54945190
-2048469372
1697540704
-1042350574
1983174335
-810458165
-1969415537
1545139488
429410143
2140319183
-2091280199
304998573
710990178
1305571897
1378764659
1540736757
-577745725
1294224094
-1263262916
544963700
-2050971377
-963478221
-1822601503
168596084
-428623252
-733098752
-110001629
504079079
-1804674340
1649034836
2047884950
892712310
-1624011837
-1372310856
-903418165
-1770530343
1370071974
1572056487
1703367601
-135031959
504894517
2096139325
556590136
2108025331
2144701578
-683635667
1283851062
305017806
65698739
-65733128
1367355278
409922863
-982370451
836525659
-580611442
-174837573
-2094970062
-1696623864
1703186585
665888093
1429418870
-597049703
411844613
1859843417
-966653652
-637214783
-364189114
985866913
1001316750
746893252
-1306526901
-430420889
-974526946
977040424
1044185896
-208881165
-1990891289
-2108442708
-1647071756
735002293
1001355528
1140399737
-1269770764
1403931549
-207504526
443664791
-969665544
-1567997526
-833647632
334953890
522547717
-545138239
884386407
-902102852
383853619
1813820863
-1156122529
-477535291
-1582601256
-2132447535
1692011201
1644571337
-1350760218
-513428222
1069257698
919767226
-180691567
-1727245291
-981472833
-1743445410
1263642676
1118712212
-996791158
-1236333430
-1355221131
-1647273944
-103296667
776337808
-1477526362
150758443
1349490028
1012877813
1924079726
-197204613
1963859193
2077160551
-79528536
-1409906031
523420450
1253603565
1685431946
2002168017
-88908410
-1550888096
1475270666
15660579
1293285449
-286809831
-1428947076
1060669377
1778110044
-2034307605
886912639
-1863095726
1745682945
407919699
1001953562
-901961928
-1329014386
-217670418
726850081
1694092069
1637254256
-2058262230
-1091946019
-1632747020
-1347507086
-1572113088
1695007467
-796648522
-885631169
-1200026271
-741019292
-652472566
208133157
1639371311
570566718
-1269445455
-2144407013
-638367634
-1663788815
-527894432
1818827269
482684923
876118365
-1944823080
-548673227
77321724
203351018
-1494900428
1434908725
-1738156456
1295785456
1525497217
2144303555
1096679529
279904345
1905736851
-18891236
1635078896
-2140254587
882582806
-590010755
1590444873
1809106797
587346915
-1334096666
-786644001
1786912010
-1318811244
-893688800
-434520607
-1438024201
1666391385
-330099711
283111989
88905045
351111437
-1436133905
-1444973140
1978410222
-738196860
2142508450
-1218167688
1294310812
1358370342
913152557
-833132326
931617259
-1363413312
-936576194
-298168033
-2091163907
1449490073
1988568740
-1242074932
-901593170
-841548348
-344311279
271890712
125451767
1479020980
-574540511
-258607974
-727570793
558121493
2116175770
1461006914
2003526383
-1126396199
-664977419
646081421
892587309
12622736
414440989
2124077556
78369453
2101822460
375262838
-63197275
-749678437
-1596758556
-1478995680
976955252
-1289873700
-1761938392
-1340419716
380510228
244364590
765699861
-676597266
-99633535
-2076674419
197778938
-630632476
-1155296320
-103633192
-1277458949
-686914537
-1027415606
1737604788
-1613096412
1076962064
21961669
-1996590672
219418817
-740441618
-880464523
672045738
695683564
1064960869
824088049
-622947728
2055426918
-45354742
743801241
1932623017
-822372950
944186573
-1321463993
-759793930
1978056255
-1916500283
640038084
-2041637293
6945613
-741235917
-563546500
1198905027
-2048664461
1511054528
1974003317
61432108
1402203351
-1426850039
1058872957
682347391
-1873192322
-1481706147
-1328862813
-273467621
-1427882276
-86464060
-904687385
463171955
979000494
-1735634877
-433193164
-587302163
942237448
658350687
1638871182
1024727053
1657677225
1318506206
-1792925561
-610873134
-34010474
-1579212332
962669559
-420543904
-1444016923
97888477
-1678566933
-691345698
1804000473
1859868582
-1787084835
-1839941727
1159447855
-939757390
-376752859
-1431941751
-1878471241
-434031013
957860271
841737131
332002085
145369109
-1766181906
1620959280
738363432
-2109976582
-519984624
-1420572804
124851132
1841718402
-1968645517
-1322205806
-1743634244
-2062564719
1573254999
1653356982
1976218298
1135510454
-180139565
511692883
303617042
-78498639
978944013
841824031
-640880324
-1591414730
-1180423515
-1172445316
-2099825310
803004912
1610358129
2081424161
-585081806
187987400
1506453359
-291873031
928722164
-266356890
-750529033
1984682058
1091179230
2105124343
337983280
1938315290
1523934887
457998384
2038026180
1135093965
1661222233
394546323
-1430571049
-385580526
917688427
-703913487
-793570508
-488214784
-1501637874
1413674031
-1157670711
1979413115
1611876551
1690888524
-1471210155
-2109370916
42119485
-1666549086
-1533749921
716344785
49782100
519366251
851853929
1323352448
1328611705
990623110
-1131315355
-682262542
1824577855
633035131
1022484584
1774985135
-1269239765
818489020
-234448483
2089436324
-790961205
-1995296979
-231186053
1192273997
-945966323
878624998
400196154
2051915791
61632205
1311280439
1481051778
1558832613
2112282543
703445996
-1086509723
664463167
-1859766994
1519087313
-1740394097
-1276699098
286593525
-1128367752
-314478660
-1952548701
629901677
-1617866439
1050675305
-1697508767
1614078614
1550481786
-43706162
-2022095727
-1202834406
31387695
-705100022
2071810061
497692063
-996122972
-1307452000
-573372992
1243062876
1628902009
-1532237278
-1881403068
1410181359
1655964398
-882830549
733989324
1348035692
-737712543
-536143471
17149251
1740032696
1617730579
2074884315
347728309
436141080
-1511756238
1532812016
-871982866
-1070858236
-675090413
-1196141807
-1716350368
-1843725503
-513377090
-1811033079
-1566509239
-1309461714
-1216243281
-1217784413
-780477163
-961973667
1054458331
-4104869
-530662912
377266789
754539760
-677323177
-16287745
-2101235979
443770593
-1406557033
-1768468000
1025639980
-79983711
-466190485
1347477167
483478056
-1333937362
-1814978779
-1538592933
-2055993379
76315088
-746989040
1725047450
1387956007
1026388130
-2042442592
-923446519
5244961
1862271569
584730858
686310294
-1360002633
-969807837
623954262
-1548079583
-361220743
963779387
-2144740718
1100224609
2062003378
1146261018
1133818057
-1702030588
-1331170631
-900892055
-1308861420
576767770
-1266737018
-1683273995
-421375952
-1221134925
1918799239
-36550150
-1746062479
1366347206
-718587468
1364847523
1170286839
-1571079084
-1512422175
2110713041
-1428813282
1274256076
2064451410
900650523
1660109626
115236785
-1795317868
-1191390443
-1673508988
1267053945
759564682
1244822997
1314115662
-766501960
-401009979
-1535942990
-1818535042
-885164419
-2044346343
51520591
-1458070215
-113561604
1490221164
-1914513449
251779294
-1083813780
118130897
-1547333239
-977709771
-1602441166
-190327340
-1450610313
-1667801113
288139327
-1156592105
-553656183
-1623485391
-821762891
196932125
-1290510904
2026461396
364658128
-1763474075
306011097
-290797232
363051779
100613306
-320933178
-1661174192
1720919137
895286729
1837132292
-653727385
-322779586
-574061580
88202929
-244238339
-1223996650
699334245
403671580
185397635
-500248659
-326829212
-303797110
610845933
22844790
-1588644627
-347709385
-1688192671
324204344
185799293
2101467290
534066732
-1416002578
2028794924
-1395928595
-1220307467
-628661266
-992503040
-959138580
907950388
325610574
957432447
-910216484
-255439900
139822211
-2118107259
1922719182
-440094090
1165705802
-1472055208
1957593380
16306697
2077482954
414075385
14712404
-2098255912
-2079854598
-1044140356
-1335381524
-205167629
1870361920
822327834
-745626411
757660466
-1513931174
-380682810
1106709979
-27761563
1511566721
927771645
173926252
920548560
1159744971
626887458
-1134256737
-1270706218
-709240112
1849626249
-1146054536
-1956667917
769040016
47900818
-654137750
-356581649
-1732425324
-762664454
-671347940
-1351357616
1961929042
-2040446355
392115823
1556543759
794878165
489911902
301361088
-1345800305
769984413
944856603
808108394
232625866
-831171901
762331675
2046464142
-1346073139
-1115935648
-362452838
1051053333
2092774502
1243012399
-2008569753
391386614
-762756070
1636084849
1318507772
-1536709196
-229591972
-175269360
1768249295
-1369097430
-416356868
-1567090937
-663647513
-1819258230
-1667067427
-206086144
367110321
249105059
-1736347925
192044606
-1423022829
-608755103
-1330920629
1235038909
-1091206207
-1185711462
-540322605
-1348612201
-2010185777
237561863
-2127795013
-686406744
1205115016
1750180239
561439381
-1049256843
-894118019
1313263307
1408787066
865763913
-1356340256
204208838
-1450155387
-1245646176
2129508114
723021572
-1033798779
1336327369
-1310554503
376224453
896735469
963159238
-1951435113
-1352471926
-1666599921
-1521201034
2053827416
-2064895016
-685044087
-1945541899
-1216542294
1842813243
-1683546113
-1257870781
-732807597
-110802291
-967464182
-1469807837
179232254
-1356282504
-1492931217
-2058430651
1779708566
1316223544
-1584717933
32594342
-1311209002
270596261
432191278
-546544329
127473952
-2026903184
983212351
-2062474820
214289038
-839034964
972449599
201642743
-1183561914
-1428877680
1193505689
-173574651
128504594
-1213296773
198109528
-436449017
-434582224
439116855
911524642
-1105635069
894691941
986173825
-1016238748
864850445
729709656
816229833
-69316658
-1091252831
1654151708
1261527093
1545927169
1476225875
-521060850
-1889842197
-681842809
-1245511767
-2077971232
-185586801
1192431363
-1700723385
-1710966282
1146953994
-20598615
1606876237
-243516176
1066696077
-1237706769
1911921660
-320451449
488080853
-1716566908
-1817511265
-656272740
-1423853904
-997740927
2081345448
193416590
-693809729
-1436575266
727594008
-1185869109
-159311236
-1636782810
262702372
1952032425
-1957438594
1493942126
-1113240299
2027650422
265399291
-636677757
-1685760401
479771085
-1329314417
-1799461278
-719368875
1594604587
120003131
1625140972
1543148331
-78080063
912034479
615922906
-2000607107
-736067445
-1668694837
-1465536274
1221316894
-908753248
-671426973
340072554
403297940
1195258572
-1974886334
2080501189
2142768307
582867035
-2061707919
-629542756
1936784519
116371511
-50945351
1051199718
-631613065
-412085963
-789767579
-1105221268
1741825190
680548779
-1030774709
1819764087
-801103204
-144220603
-1142386163
-1109742134
2044102437
-730238440
-1699041380
231074002
1079442297
-749708297
-871495683
-1284548069
1553949340
1846332677
-1172804017
-23950074
1058275335
-1166005109
1422506764
-2139408711
1429398664
402050315
50617743
830980950
-1862875802
784850581
68092373
-768933266
-898784825
104968792
-1370206585
-1963481416
189389398
-1881267333
1179778871
1891077373
-1216700640
-384550611
518577898
-1959002538
-1354573890
-1395042821
-682400042
515072409
-1256986183
2083883104
1663108460
-1021046768
-169606871
-1082928990
-504344168
-1015856788
-737296481
-256872485
2005052998
-128302343
1833006404
1108644949
1701323304
-82088430
-1846654910
1999632155
-1238734922
-219442730
2047602274
1993752268
852130166
773571611
-963388171
-1427162190
-19652995
677039522
-897379592
1124487442
-1182844108
19178892
-2010390158
-27877435
193915487
-605442035
-902736351
936822279
102408795
1172223071
-1459868587
-1818212210
376302246
-687751688
806578202
1044117726
-890280540
-1813029634
-1597964388
488500443
1825059488
-1880688134
-1827850553
1630591903
101772304
1494495436
1772196141
2046423949
-858143204
1881040606
-892436947
-1629782618
-591949471
2120159388
385688400
-980557285
1926735345
-281912797
-980883210
2118902306
-1875314018
-1210243272
-1299010255
2024282892
-1966543752
1639882363
1696186608
1691297431
84310675
858960859
985994079
224062592
1421277709
-1343330740
-393662578
1259403612
811828814
-1594514249
1929244752
1328475816
-1459179119
-1579807182
1627459173
2139447326
-439993948
-2083454607
-1787761445
584233546
-1291008789
324185979
-1281538128
-1730884005
-384570454
1203447200
-608065348
430030654
-1473310334
744063657
-1279801651
-1740338200
-550776004
-490157231
1112421139
-1768103181
-98235195
-1377758732
-208537410
-2125108372
-1301169287
-1469651578
-534768923
-1548890390
53035171
2127444933
58580137
1494405347
1162528836
-2029696334
-1413095526
-682621126
1932384275
-410057411
-102194087
-1798567909
-658617659
528232254
-1953011331
-738647797
-714720370
1447902380
1223222458
2100423482
1638704614
79065096
505836096
-69578469
1572322704
417524762
405952096
-267200202
592331479
-110449441
-1109527179
-321566148
-840739046
888839105
-1802426879
942603355
1240241547
820851464
-518913770
968780755
-1434815437
1778738320
-397486858
1742659785
-318295751
1868871612
503455229
-1622785957
670093410
1945162410
-635262529
-1064936716
-732500773
1693180583
-930068371
-1541125152
811426614
-658073627
1653583996
906870306
-1755244622
-966154133
1437497479
761080453
-1564713793
-425718196
-506311820
182149872
864861632
1982493979
1858386646
280887038
1959014930
177703581
46093202
-704152114
15465548
-2054936896
-443426620
417804567
-1331709496
1419869900
-1053374237
46417278
36398690
-133244968
-2025287390
1065385003
1612667007
-814257026
2097943321
-46896743
-396789424
-130254382
602628260
460344749
1462975832
1325311887
2089144843
-836118262
-948428501
-1671872621
-47654302
-1573882973
2009116279
2060773517
-1009304013
-595142512
1695173960
1916721140
909807705
1687821093
2032428423
636268346
-1321920210
-398759615
1041208515
-951814079
-863466520
1623400163
1978924083
2003006733
1600663104
404291330
-568333573
154515131
387143252
1539745181
-2100270930
66826162
1795121869
553027343
-442932204
-1403374313
-924413628
2006126760
1499171372
-1159421050
1485002465
568245882
689047923
-1177019650
-115990715
1645689456
-1297955482
1941571100
-2075290199
-834479965
-1468023226
-1996791669
-1056449465
208209136
1150333211
-18517830
920999416
-462719547
-1194839046
757852368
-1744050658
1371486267
1983369865
-724852004
855886531
-1147016854
-1632964925
-778277807
-1316653822
1465430263
-955749896
-479226704
-727579739
-355741455
104290839
-1828965498
1227244559
-1213538595
-1790750929
-2055906919
-1565368996
-1519191537
910224691
1723179358
-151090746
-1133407429
1748753917
1622069933
124224074
1920178506
-1685889131
1183026615
-614236022
75112305
591065778
-979619529
-1121256715
1288360064
1265167744
644313063
-1326547164
-213662857
-1911228765
747260213
1621446279
339707231
1789176955
843733302
-1726570176
835677270
1891957929
-1741114406
-2105953458
1893697514
-132976686
1876082529
-970522642
1496892074
396291490
-114179571
-2053681347
-242546438
1485946131
674830105
-74221023
-1728935641
1978320111
675167977
-1857943446
990404795
616779923
1831157378
1005456691
-876590319
1157291253
-1314979269
-533404274
-1839586005
636269031
-1562462283
-503399073
-137930046
1846496156
1979077383
-1065353592
-363753314
593647723
962179902
-792719802
-1487855576
-979874093
420157956
-1442579238
-510183364
506781630
-1528108386
1547832171
-518473916
-1633040118
1372578843
-340972502
-878439807
-586167228
917261002
196468919
-935469396
95538614
1918350572
-1848632637
-194720323
914120611
-1411617110
1529086709
355939849
-2117845552
-375215800
1380567569
-880707950
1543142726
717416859
831449175
-1436693350
336426070
342649272
2101702440
-1987875207
-2069782819
-354197011
-695971601
2146172848
-851574071
1835429109
734643006
777237053
-1170482981
-175539354
-799072457
76130608
-1191084626
277351022
661644333
1842049149
940371703
1123520958
985383050
-658530796
265443597
-1872864059
1357235442
1011937327
-1095272276
-138263775
-756996696
2095873258
-1749232395
1334178898
-1658966479
851101464
2096240056
-1390228816
773868342
580176979
-589104650
-340239970
458247854
-302817196
-1325485407
2118789888
1282167356
1395157381
1926473125
-887660566
-668410923
-468266284
-216670933
201271449
-5429083
-2020129078
-1073305829
-2019539034
-590429645
-435877925
758655203
-955181960
1854849474
491747839
-317723785
-940527366
-90348038
-1448988287
-1592286312
-1721145715
1338957511
1316920086
1901836887
264724032
-1900645503
1178571056
17521116
1959143486
1498113869
-189762924
1602617955
904578695
-355647550
-2115596758
-1925256313
1701261026
-1001172529
-433784813
60732867
2019522578
-1697793829
729816064
1519398964
-2043140537
-1224991699
-1351114559
-1645398365
-1692906793
1363207821
-2095943396
1691151299
-1690211539
-662842325
1148321248
84202422
411722497
-560923968
-561050312
-767388971
644462025
1423421427
69446468
-1036233552
785318767
965669373
1324027877
-623763629
-2116905917
440350351
362384856
-874866997
2134716466
1239139314
108781318
419034344
-363219656
689698928
-1278320103
1485453635
161816851
-686349326
-1496179374
-1484270206
1812529720
1704056810
2024708761
1743149530
-2020113398
-1175072398
1770844373
1390732757
1367312969
2010898869
407473789
-2077073067
-1889366072
782334094
1289722223
1361953240
245185634
-285624978
1183447040
-242294788
1907287598
-234610047
163796819
1753784645
-1644465679
124878355
-1290812690
-146965986
2011580116
-1511967184
-1626365558
661359645
-268678826
774404747
537209642
801498251
80613763
-773977952
-1443713938
-691757278
1501220966
-1785457124
-1710675160
-720506600
469735611
-1176765060
-1719386065
439771228
-412746008
-104492813
-1064748429
-843666657
2638894
742799248
141352785
-958782571
466649371
-32360288
-551265240
-649034756
-348421309
1563744592
752565548
1429896925
-532721105
1700409495
1374780794
-1724346479
1593872276
-578300590
1547830379
2004340486
1749100231
-1003500880
1338188844
1546703042
799407984
-1084535089
362278286
-926364632
1452844925
845246375
-1094554342
-2096785926
893724762
58165798
-501996184
1070149151
-1232897186
-274196579
687561392
215082405
-2072030840
2107534682
-1583283295
155738376
1105732202
-444837227
1068790641
1505032884
698267236
2010681487
-2055270092
-1249228344
-59465707
1850990840
-1649692559
2064306460
-1528473329
2133057168
282222322
774642309
1660417481
-792077295
-1584219172
2021245527
-772561703
-299514548
-200004610
-1088473302
1300262242
1802727058
1264877421
-915983903
2003886282
-54331819
2107825232
-1720964633
705213360
-1537008370
7209719
-492484164
2002743837
1438562144
-1494597838
-1699764305
1690157817
1302109820
-81487136
543934188
2076634815
1975763655
2061379014
-796678983
-1440244364
1442530490
-182229343
-2064787972
111017940
1635301386
-1346287235
591821056
784259022
1280111880
1256857415
-1138819208
-14805965
-1836966839
-747470175
-806218557
1320743849
1889775753
1916220917
-1787222927
837477093
1435757260
1455050444
-587905787
-1474983400
-836784955
488063584
-1395291396
-1128809046
905229692
424847215
-2109667314
1211516453
498334762
-855391919
1269496499
156545907
2098484583
-710727603
-1862536728
-1517572276
10995334
-357883097
-1539118798
-817003799
1058548543
-261388803
1133355235
-450837507
2010517903
-1338234286
1756870299
-1903928091
-411111460
-1110027157
-2097921519
1527735325
1525553499
1431214553
1741552147
410154742
-1153559371
1118707031
-1701435958
1277660037
-113887000
-188533803
1241177667
150498782
1341830251
-709966124
-2013174742
-1236050814
-74227051
-1774909452
-1054241321
-2098694123
-1975512257
-903001654
-1874095730
1283586644
366422183
-1646915081
2115088386
531916869
1322626967
2056239221
-1996258533
-501009489
328619462
-1496242124
103871737
-991330356
-1248402819
-1638951707
1323770679
964558140
1393169789
1972058644
364491379
-43773635
913182751
-729778308
953112078
-2022982631
-826430275
1079893654
-1861709776
-2023427361
-78288816
-1324022413
-243012082
105013333
1829421658
111489739
695420015
66240812
1014970118
1750873941
124366955
-1594405003
1789278092
255527000
-1048420235
389083476
1309131994
1769009025
-1388549732
382017266
1539281008
-256285705
1290284301
-728321097
-791492725
-711597908
-1689841188
-153215303
1836379269
-1222751242
1623627523
87008879
1249272443
-944257955
-1127480918
2062922665
1201508144
-743774538
-384423000
-1320134716
1112913712
-862985872
1502557769
-1767210472
757921848
-2062030547
-2143279791
1516804277
-464714283
-1054809452
-1212897727
-1994692529
-1078948790
1333351781
-1237481512
2094899062
328293814
-1970799411
-966482468
-583972599
413781366
-328496902
751652121
1159068140
-895099449
-1084463630
1038637994
208119288
-1043913808
-714892384
-829185674
-568242125
-1618442978
1746344752
-969915139
-417461696
1933391184
725421467
-1892405164
1671821081
1165529973
1899820933
553044590
2092713210
1707265938
1197393478
314146972
1274958496
-268928599
1195711045
150004822
2100523955
1945198359
-1273929075
1390108987
313526399
-1930601923
1500880281
1941884758
-190456598
1024194659
-1562324110
-654940766
111608482
-436332072
-298803973
680448207
-784360811
-110170019
958614667
1808167494
1658732966
-611057726
-932475972
698616683
-628484963
-1221983023
872383106
540432673
1130397534
371123819
-1689592961
1127441298
-1597748387
1132926193
1988901268
-1797880273
-1681219247
-1132528667
773583547
776500214
1913254439
478112208
232989715
-1077101582
263846713
-122285467
1613198140
446992904
-1840031297
1667337958
406917348
525262831
1892704645
1447198918
-250228574
516547200
-895997218
-265700721
-980588030
1291507503
-1321727016
1338348293
266352352
27557337
-492900176
1397671563
1491272441
-325225793
1288783752
-1277719866
931643582
226731218
-1069321386
-905594752
-1410058389
-1355125712
-2039219681
-483708978
-838009256
542442734
-1237458331
-415376781
912546191
-1419283945
1508832222
1281552519
1331809182
-111932171
62181222
-103324845
74477741
-1672723314
-1364258251
-197553537
-1957726510
-660647567
-1524369324
114732910
1501644707
-1327898190
708325964
1256223465
-1567934708
-513408718
1583473185
-2070542086
-192885917
1963639331
-52825218
162879258
-59575623
1402956234
1422803761
-499646322
218937715
121513351
642402776
1454492941
1680627224
-1635873774
-1477231140
1289508262
702586475
1006661382
-82845538
-181003296
-652199492
-2129411933
908290800
307851042
-502193030
-1965911601
652627143
-569260971
1678530829
-355570594
568243246
2004640711
1945285090
-1631416942
59117436
854298962
1864718534
298894565
-1140326711
-703491396
-574269576
770112261
-562403171
594229345
-1258087048
1095214367
775267818
1563937807
-847245531
1259317344
-1276184260
80120368
-682528250
909668792
-1616460498
-591394514
1314212455
-1120057888
-140560865
-1902890222
327089704
2104954270
-1767419098
-1701071506
-1815424816
145891911
1079093826
-368702595
1491373288
699784837
124586965
1335592584
-1551962490
-1112672422
227084627
49084554
958309159
1692524900
-659084490
251716887
-403377470
1361495650
1783960117
1411931257
-929864167
-734212362
-1514473548
178513179
-402457007
1007731884
-479379075
996349738
-1973497403
-2098769862
740760752
-609235336
2008752662
1577539593
570381304
-1170205020
-266387578
181224180
608687359
909653368
-1192637050
-1469504689
2145098019
1834514321
-883147636
2493994
949347689
-1272405179
713264426
-415685931
350819761
1806513600
1266790492
939198119
1899652907
-1303327120
-677635807
358013179
285963785
-1284608861
-928427188
1583735675
-1353620874
277832557
1874899867
165644960
-1327181626
-1019598897
-1465092856
1970881144
-1024116498
73227540
-1278224545
1959431082
-1088603851
20235134
557323024
1107639479
1046274091
322694434
732444230
286432130
1595548122
-1684218608
1994211127
1604979474
1737944123
-1194920778
-1974925379
-1426173547
-783315221
-1598237819
-1638410715
-1310016857
-1851037154
846073044
2134746951
425302484
-57337645
643553285
-763001386
741470555
-1255241143
1763057381
-177306887
-1867366092
-886522191
2064682584
-960027622
1996145236
1468930852
-148533963
-391030275
-940994001
-716601129
-2045297298
-1698278125
-863006082
-1348217972
-675484812
213043983
1034748226
1720974155
-1400008743
-1713798727
-2079257336
2102816081
1646151478
2031301379
-1901598355
-1500882871
-852106162
494935641
632760292
961777593
-763035533
1875958589
880826550
-1879919938
639905320
-1615773422
-1887553462
422349308
-940559865
475625527
904981670
1844760783
1106666981
653690967
-1515055307
-480256571
-861820365
-623052802
1217511114
-920527280
1551534503
-1148366480
1191794148
-1239836233
894661402
817602742
-1524473549
164622158
149171635
-2113388808
-1069383077
-1296792602
1634069317
539590418
1466362615
-1737272698
1173593333
1831538528
-948601888
-146402214
-1400345056
-362732324
585766062
-270552085
-1766815365
905626475
462083966
1858027408
815697019
-1526745229
775316725
-392491228
681200886
1849431216
1082872965
-949219080
-857484023
1080315464
-2041025298
2142007819
-1972389572
249183260
1975083272
1323046264
-980407068
-1104371360
884741310
2123403055
-118458168
-655357843
-291066275
-1988258329
-1249986553
1613301717
297203726
-1254219693
-784728264
1030571192
-1934109279
460693907
2040091091
-1990080939
-1236151669
-362538771
1252133326
1150447331
-758641615
-8460100
873108875
-469258847
-266142617
1095477416
875606000
465354283
-1864439758
400123670
-2089257257
543820047
-498338091
-1744302622
337380265
-2059634272
-768985845
-594223541
-1865848251
1246485769
-1897133936
1272854574
-1310244315
1664065188
-340928538
1237327991
-1539957309
1127380364
-593892779
-452052268
-972581831
-73738384
643548210
927410858
-2002140889
1770472618
1270252388
1718128460
1144020696
1631240591
1669726243
-209055894
582147751
-710471416
2007676419
1616455623
2007573407
-1580759967
1188870449
1358344494
1183236961
-549948319
811744251
1917997478
-212930230
-140200038
-446011243
1445940452
114915284
-832329215
1888850713
-1732155392
690185276
1110940096
-1254094897
1736954987
1821132901
-1245336246
-1246430802
-2131274207
1468741372
1969067696
2109953315
266606874
-982196772
1933092915
1183218448
531556869
1553883826
-2051203559
1422993430
-2042575304
2126439908
-1093946941
-976679913
-233113887
-366227538
-1796552193
1227216374
-1401869439
-844477554
8641691
107919264
-1532606565
-2024630814
-979577542
918398544
-1965303896
1067974606
1589679466
2000673550
1439654221
-959263389
761717236
1713330040
1010827983
-1458089475
408768886
-1543933244
1321866694
460844780
-826798033
63091460
-741488368
-802826155
-957706982
976778924
-690952696
-1103182758
1662346301
822424145
119223544
-1617696648
-1768416702
-1195096397
-1185925941
739830065
46824774
1818145533
1287657990
-1554014230
-626344208
1879713610
844450041
-613426411
1686805445
1388854123
-1348288719
261651602
-1500044357
-1025782297
938156080
-339109294
-2068056053
1216794434
-834709153
-1747090115
1025249867
-1497170558
-2108747453
-1137649066
23554235
1808552942
1551128047
-330825189
938869726
997995288
1210531513
-2025668047
1560697164
1340114206
94205232
-960182976
1141243846
-244686292
1596250445
1577336092
-1482092405
1673787716
-1140345625
303956772
788908521
521519425
1421619820
484498159
-1020311786
-1820379624
1510476493
-633881820
-853319360
369600097
500997818
1081426088
-1802695199
-1483746027
-130093297
1665183743
-300036520
-1080724583
802302093
-771282709
-111803211
572897275
-2083342643
-69603239
851263956
-1972595846
800789104
-36899715
1174986924
-568177333
-290799973
-596185285
348160744
-101612134
-381998686
1197918920
1725252279
-2146704178
-889887486
-1401410415
-593908256
2026109713
-396957547
-1154790821
2044059160
-580447217
1115870464
331509163
-1852554601
670696189
-442472081
-316028569
-554111256
-618124580
566141060
366249404
708739840
1155811070
790636684
285484610
1192296594
-399591479
491924211
-778195362
1680875937
1735219130
1537447673
-134076440
1086850134
620567724
-1866865754
-1483313139
-1282916333
1264978266
-514097925
1291873909
527349703
2115908386
-1286123415
-1243735385
-1413694076
256958475
-1678496633
-132320340
-589145266
2062221577
-1463162882
274648562
479515956
-746681217
-376339513
776149875
-989677404
1185053956
-526861160
423236118
-546763525
1821210729
-916930661
1392071765
1316125020
-2046467333
-260639135
-469762017
-100502590
1822319365
1366433301
2098350079
-2120495785
-538437480
1940725236
-1670186372
1303588869
516951437
-441691908
555981763
-1271701171
-1150508598
-2123286813
2144990595
-2105385384
819197893
-752107446
518275352
749970763
-1697209018
-80238030
371412971
1065697247
-1364317072
1490001070
819222039
1988780847
-1507098367
1262944474
-27641008
180336852
-1527636520
-1355365877
-2016373248
-856513234
1829793463
723021383
-802114382
1546002180
906924618
1452173815
779311539
129297487
-1550272408
-1336988965
1252003062
-2003150766
796565655
-879448515
-1436211144
-498616594
-1577714475
777035369
1172439396
721307955
869645461
-931603621
872339255
1258968890
-1153661945
1908890298
-1522244569
-1699376335
1598870428
1636012805
-958448768
-1517020746
330146761
2056971787
-744926000
-802118807
-472483574
-1599029600
1079404933
-1873691716
2067412009
539383181
726010068
-782561012
2065179327
-1096461880
-1161263653
-890555915
-181464069
-88623132
154280969
1627868129
-1274645086
-1163207478
1466574269
1345044194
37600598
-2069737559
806986029
900831937
311599642
-560271574
-1309130871
-1822009001
1985145364
-1536320024
-1878832545
1832151578
-1342779243
-1360770529
1280158528
378561274
-1611839402
-1192543069
2078130596
1279781485
-1972134396
-502013166
1509438218
999075528
-890880257
-818050740
-712697501
-1712914735
-74405795
1049343523
1982804912
1214306193
-1260469708
-501670065
-1095566103
267615085
-600691944
-1471059804
-120730335
323937911
1573009378
-523558266
-342136602
1806939137
-1240093773
1008647068
-785210643
-1324529293
-1156486088
-1009886781
-902302737
-1576838562
42448430
270388805
136785101
-862512688
954701352
603527498
1334028026
-1672368919
-563828336
368783502
1278252825
89043630
-1611961365
-1601307309
1646880228
-1396247267
-877226912
-1523071591
904672080
-848521344
-341948550
-541494132
-2006521874
-1725213178
293740844
1743025726
1146714260
-940266866
-658810091
474356374
-1255784388
-1251415354
177509126
-1087261817
-348941269
-1834241164
2006513088
43115140
-829426091
130233619
1013240321
947702066
1874627071
1036465569
-625092671
370020703
-828920154
-635577417
1599702968
1455751218
-1164188385
1884395225
236754724
-137099100
742744831
1827453199
-1710863416
-944598738
-1213007812
1568445876
-542698441
-1374101309
-1833096428
-1180223091
288481362
379152129
1460186669
1012666397
-1507066354
2072630178
-918055683
1406732854
-1766359430
320975160
-1003558293
-389867053
531654400
-321161447
366775734
-2127947995
-1315622166
1820346007
-205293162
-1321377045
-1263048408
-2112501900
1374869920
-1846027770
1907968591
1969805204
955159022
459206220
-366355739
-1066991116
1603673342
1566177436
-2107585061
-1608257318
788587482
-1796990927
-1882188966
-2004398258
-1425705863
-2069089477
-1239871550
91409864
-443336091
-1654920021
1167048431
1157053994
-346251875
-872963250
-675919939
875231984
-406213700
-245969379
1172292558
-492630619
1661579097
1708476882
-472825974
-1699493736
1771854257
-1521259586
2373222
-1917532208
1997628035
-1968968231
-291631255
382700860
-1605909957
-337377254
-236691988
-610325458
-1838945710
338381577
-500307295
-1688553462
222732276
2009468818
1510787285
1655401018
-255566622
537301019
-244450311
1726657380
1299667609
132513495
-709922466
-1097618465
453290932
-328192676
343233087
-109668510
-800127090
-1333159565
-1309412860
-1460375554
-1801966549
1011413806
586407109
-764171187
-1254360489
-501583808
-1020671476
463385835
2025762831
-1871413112
701790174
68140325
-275127008
55228398
-584142340
1779757808
-1949684210
1843724658
1768163686
-747423203
-1143371465
-1316065406
-1650786272
-558045495
-1824458186
-1192215157
26193207
-248173799
1656616844
1612895953
342236422
-1349506009
-1646358915
-406325629
-1307840075
1349186103
1104240951
454964489
-67827710
223717421
1119150905
1865389729
1014441027
1174265411
309557234
-1455296727
-1648038997
-1481784330
-990881880
1439248189
-423055924
1697680705
1931697819
612953732
891535964
1065056013
2013276778
1267976007
1419738939
-2122440985
-924374604
1722570563
-1649866060
-931913229
-1239055870
-59442753
1849789954
1497184032
-1460473885
1410895583
1600162838
702560412
967509336
-1779964870
1415471255
-1347366774
485583474
621580971
-1227281622
-438911758
-1354300359
-1590991516
1877388019
141614841
1049634256
1239260744
193580634
-847410863
-429248554
1686743928
-2054489327
-917192206
-651083250
1821975086
1665028694
1880648457
444392257
-141356342
1421047157
1128892209
-85671070
1602161194
-981561711
569445600
1850538995
392582206
-1308450398
96337187
-1609862489
2098090970
773941697
1331802509
-651279799
-1855978547
1035290275
-342977172
-280670756
463336755
-1568801182
1334623806
1938776578
-875864313
-831432829
-2086987933
-846362463
1002181372
955043636
294327571
1191539395
-1922143348
1767239637
-764403055
-324657987
-2050128048
1720388537
-837075040
-2079321965
-1509202542
677273645
-307330762
-667620710
10991648
-1284381512
1595631983
1175979103
-2093908381
-1066775900
-1659221308
-265000505
-1474380369
164884669
-44553604
-597001097
234285787
1887227736
8115810
-1315313291
801233172
817012886
-327540297
-449653489
1735803374
67422441
884768106
676552955
-884983109
-1491221545
203186054
1706356927
992553760
977279230
367603179
-402730925
-886040348
19864919
1549115456
1900683524
1736072459
1426851006
-2029728473
1929195674
976360995
473171889
1128158899
-555573572
-1373049891
-910909097
466905622
-1983712109
1806366686
-71882300
-935491938
51221166
-145299497
244666491
-1676722206
1988630821
-1701991214
-446940364
153513784
1657384448
1935494095
1218202846
-1701017495
196724185
1273996175
1572853990
-462355033
-643804481
-1866515538
738412217
1187585726
-1244693155
643920119
-53646968
857161610
-1144173477
1289130739
-1144057782
-1331760727
-1285169661
1413859011
-1405283833
-203346576
326440999
-552352977
-1276618158
-188201438
1086386754
1419819518
-953435626
2032788831
908836317
535495303
1373601941
665373145
1175982388
1394170248
-1107353426
23543118
-1773258727
1439222325
-525506978
1654027697
-498249961
-1121479532
1443365000
570316202
-504337191
1135060231
-469540104
157040705
-34439731
-811044566
1486111909
321844181
929150467
1847676383
-246218
963682386
-323109541
1163039398
-1989980985
991931554
1971976671
-1927995855
-1035977492
1468653412
97492077
600117303
145637877
1297407707
1956729753
155045000
1106132339
-612746200
91015377
-500524191
-650740997
-216236613
1107577793
911244033
601613353
-847389433
-49459209
-911542661
520876263
951626612
1344708810
-1283516978
-251734033
-479948134
-1864142984
2099559218
-805452915
-363650133
-370761842
-42466892
-720302423
-817796561
1144780172
183070980
-85537276
-1560054281
516099016
-969074035
-876467774
478810187
-1604701806
-931793978
2135444263
-1888350107
-877291368
409731527
-83369307
-338689245
330396812
2103519775
182749718
-857597449
1521742083
-1529758492
2036303685
-125987551
-2120343136
268110858
2001449650
-592700128
1360613489
-631004168
118654614
-1757364379
-1660924264
-78251688
764189220
-613186998
-881153235
-1846042578
1372589329
-955399103
1381626979
1404330028
175875926
178313808
-1817745687
676706883
841855284
31695292
-1202540654
60076925
1514260344
-1041565436
-1814518985
-629343991
-220123136
901534736
935530715
953528727
-433753475
234413994
139530769
422940646
432355705
827516973
-559317606
-1364395366
-1145061477
409368443
-152084399
1380605266
1526418730
-609657292
464166987
-1637222662
1225755087
-189391836
578104890
1594079581
1455203998
-1065853956
1912563985
-1505817091
-1524849577
-1795623356
-444295187
1623036966
-2102642200
-688738416
267558451
-494195648
1629298486
2016945649
529944053
1437787237
666615836
-343498322
-1806697319
-883058125
172923827
468237620
-1536541252
425223650
-1376398381
-1064888246
-1184438189
623780504
-1728728870
1492421256
1823787539
-723474437
-2017518165
-857306871
243445010
2030274824
1697996793
-1675512993
487232430
499346466
-295661371
2070789063
1660571309
360861806
-558851804
1491279517
1447874982
560092253
1240250182
-266838767
138013086
-1885482615
807915443
752594715
-1458030091
1176822213
-1898836266
-1535024980
-1704483965
384147823
746888895
-375501275
-201819651
-1683635449
330069284
-1618398196
-1853477987
-1230419963
1594195368
561300988
1784823554
1288401638
1646765151
-1482702627
2000079700
-898873721
-595884911
-482907051
-2135568725
132523703
1308934078
-1839448194
1065158321
-2124124666
2144092386
142580953
2144087941
-97710877
764735482
-1085482623
-316289822
1241286117
-1876321850
-658570333
-1865358976
-1925915800
1731923919
-551019475
1555314873
1670726236
1806812331
-888817723
-1469438352
-1908822439
-1480169345
1674197756
-889855698
-1577153803
-1251391036
-545184317
-697181555
-933874086
-38240690
1487413789
1856027097
-1553788654
-1312745334
1627245078
633396467
1677866788
-976753401
-291350285
1184662392
1453340261
-249910217
-571098198
1708066851
-1888332281
-852339595
-1184779116
282709103
-1253817483
603734089
-805960096
-299255168
213071971
1320113387
2007489098
936935747
28110368
-119073531
-1218128499
-1442648365
1134162478
1997970365
1128108566
1732250910
-1358942189
805422066
1760718457
-2141526840
1591985265
-284491836
812181800
1646987855
1442409812
-1526160294
-381748511
2072402287
-853595189
2134683103
-1206573976
-1475837241
-1094391111
-331989044
2055152502
-384610373
926433004
1158964588
-1021934863
1865728156
358847598
1125504669
1864989276
156133638
-1614652133
366593235
-801910640
2125180553
-749661069
41022562
-336153172
-873804405
-413586255
-1633245701
2044708937
2054604908
-966379236
1926304887
46053874
-2054249237
1672669596
-2017883437
-1815329070
1220058056
-500061297
-516794757
1996256431
-2142888279
-1874983971
1643715019
868306199
1333254209
910227017
368853714
201492184
-954266962
543428106
1840949848
1013043892
1837887522
2031344538
-598761694
1948958549
-1821441595
-456393779
1511907699
1808296062
-1152562982
347339812
472928982
-678795901
1350966816
104181858
-191930853
-2094683397
1374354298
-2027238048
641096606
1878348723
1087390673
298376477
1615099342
-674593564
-1836571335
911204377
867750381
-413539928
1839659346
871444450
-708706028
-2125971030
-1467824144
-1951828242
-895156870
-54550755
-1319776258
-937307733
448804853
1670410223
1283865247
1247374548
-1468827201
1936907837
1494441109
354039046
-620913027
-2025942007
541796838
-1773114477
334326397
1999048233
317767612
-1501154156
-892141249
-1921668478
1428629644
289501764
-105660362
1863968118
-1711161733
907248012
77234639
-1879344486
-1311911940
-955274279
62557362
-1316922196
-650155331
2136367669
1648079687
1769715907
1977970883
1622185365
-265656453
-1479640888
199711699
-1424506769
-1402026301
891091236
206656276
968652176
-933633440
-1148262982
-1202096399
937855019
1502136293
-808357352
-145520828
-2111364812
1020333558
-755539736
1085687728
1728468462
1038281041
1225625260
-471316914
-1965354045
1468599826
996209578
717219979
1041593683
3072306
2077118756
1543299663
-1187982130
-371605936
-1622999604
784300898
520368006
1548375476
2082047350
560219915
1652338367
-1748539761
208932879
-1821298183
-784897591
1063475591
543278029
-710210969
-30624432
648183667
515610279
1530455674
-1745841166
-1870661533
-1317518585
892144877
-1305404398
-1054112030
436097982
1294025711
-1688934677
146461566
-1225360584
-703681973
984145128
934077576
512731632
-228098359
2058220337
-691614185
-381052891
234584532
-1827885431
-558047661
-1452165427
932552028
1472036694
-376714769
-1916159030
1540136701
-1806546175
-1818649353
1099840859
2121093216
205436544
-1511099445
-460910379
1954064865
-255719888
-1722728342
-1976409967
-1809491086
-2081511705
2081759219
-625562328
-588314690
-1820806071
1982334057
-229167651
767266193
1723207770
1220261558
-404143014
-859765898
1859117141
-1259440910
-545196129
1113409953
1473151675
-1352093468
-680154569
-273000945
841372334
1916383944
-2109767764
-634872085
268225663
-1567284142
1119954236
2127251251
885188484
-374355981
2040066508
-1379405413
-2110080721
521789530
-1404071652
317087153
550221147
-874902467
166309435
1101673281
191504361
-1200383400
2126860605
-2035048454
-1903459445
19896757
-217914324
-36066479
1726693855
-206558674
-1371204804
909862052
-847277889
-1555443408
-527303615
565399459
-1020233513
-1760110911
1574134117
-303385877
-1914197641
1635053251
119198485
1493216499
-626444887
81638009
-1247148741
-460115157
-86864250
974040650
-1089551438
641097570
1721650885
1870530501
178600438
776515431
434154388
1852112869
-691371493
1272519411
-1697014102
913954197
-1842041088
809378757
-214491748
-620311435
-477837884
-582269937
-1707937168
44325854
561666679
-1073455344
425527663
1790495268
276284436
-1518004223
-44283841
1228912666
-511632465
-1026804939
-1510129104
780165338
-892372246
544826747
-1769513515
-1249799739
1974807981
1401828806
-1513734185
-1049190712
807848725
1512625424
-1782673659
-1739532575
-855086676
-1321594758
987915694
55917793
1419600603
-1532640841
319489074
-431060877
-1184081508
2018468267
1925355734
-521161892
1288730739
1015718222
-859688744
2088474371
1955338910
-176018218
-382392637
-703963596
1732269195
-1583022827
-1718312444
1544408864
1810894729
-1320363233
-670893124
272740776
669822146
-1613301201
-1489494825
1313199578
167076713
-1366176822
529344860
-1628209477
1748094511
-1032752603
533138694
-380095162
-1270653958
950957251
707050772
-396605515
1949341656
847813474
959398749
1069250814
-475497423
-2019421417
1226237606
-1336236896
508249404
-821739081
55182391
-1687332194
210335412
-215356551
1336372907
1502263243
-2004809526
-1552642343
-2106104312
-2029978040
172748893
-403367234
-1116504817
-1381256629
-760056217
-1059560738
-975765548
243810081
-479784262
1414657633
-1091129456
1719756917
-199705107
-503694140
-1317541963
-1834349614
117698192
-873005824
-1473478590
-459016602
-981879386
855814890
639238488
-1065889016
-1739084204
885610205
1384643597
-34638725
-1461537579
173505429
156933248
1087635444
-148793168
1757603421
-189019859
-1853506599
1257520685
1593967981
1919312770
2054915787
2012668676
-614864756
-1609794126
-1684784410
-1324844456
1327538173
-393569848
1376026951
709252067
-83090024
-1943583234
-682632754
650019441
388248630
843033167
727964452
-1656900206
-1175473838
-1078535350
-1713836289
-1531676022
1893502188
-1400437208
-1865675100
-805627764
1651194800
1899022880
1962492845
-109413337
1872047960
-2085203206
-889786100
-592189952
-1619529395
-1332410142
1559111759
1426608321
-1799044204
1879697790
1730973476
2042348113
1779362792
-2011570622
-2135910112
-700449723
118557986
-912743422
530127291
513097621
1604596449
-956426296
-1066569057
1632049042
-1951829146
-528286489
-624696799
1987469335
-539931713
385585232
-1306544625
1421933311
540678695
-2022212317
2134468268
-857020202
831609516
-770439543
1887362552
-1422673710
-637957614
-1478067520
683306803
1283359747
-625945865
1269973879
78856868
-1256069175
-57480905
-2004932773
-461227626
983085959
1179826065
-447115023
394432162
-542949995
300860298
667938470
2054534708
-688614534
-777163887
1415413795
-1159314617
-360318629
706503523
-1373362970
-246557582
677276845
1482756784
-212074482
-1992405720
-2008867279
1356708350
-2097609355
1812913979
-878635230
1678344654
-680279037
194095266
-1588626009
-1265117188
61079873
-1218516613
-858968946
887996267
-1502545364
1418663506
1536397883
-257296927
839146827
1569540771
-1371272482
-202435538
-664120829
37740445
-1777063453
1802308756
-212197078
1616718632
70297262
-2145801374
612913881
1688120105
-1072308088
-1101136415
-1600367227
-941285116
1985490387
1954071412
1441858128
1535402338
-767202683
-1389081350
-1159163235
236313652
-1922270765
890269302
-1424893215
-1700978442
-1213288660
1189570290
-1880760640
247063352
1816810088
203350687
784470616
1716994905
-1551060159
1776581441
2067061975
-1946132586
2026733569
-1559799095
804728915
-1996590782
-1472441475
183952451
994527961
-2015036842
52735553
1820886770
436597958
863291180
1658572556
1285889976
-2126983083
-1425618809
768548478
-400520005
1957269113
-1187247658
-1235148273
-1425778874
2088967405
-1312798791
-1280431549
12621804
-1068818040
-1681855804
1613836315
1044674802
-1532537131
1620208258
-1395354162
724695790
943955427
622484667
-1484669255
1551294379
1814485336
-785074950
503165587
1389289295
1108469196
-424740791
-2012200988
-1320055873
-647675053
31222078
-237612617
359695938
1975469147
-864915397
2146921614
955312996
994956728
1888273392
-159283563
1236605212
-1192479747
430773796
-1750225125
1759130417
1356210701
880953525
-1660733123
1291782616
-616598287
-1870696739
1383488995
952125090
1136134379
2013994678
-2089121552
550503316
-2144242742
965990143
-187710027
-1429393257
-939718529
1834908960
1180040870
-245273838
-412221456
-1112524949
-173538225
-378393643
-1959470325
-649779292
-1343516792
966553400
1380340254
119130563
2120397543
251673475
-546216602
379910903
555642741
1523820944
1508729573
-318968594
-1795596123
831214511
929166712
104958291
-117656703
685788873
-2022141656
-11859560
-356459226
1541018055
-1708666688
-1237072140
-729889678
-1652232396
-471951202
633374383
1369264891
-1302067936
-1363275058
-1386559843
-1160601278
-1606957240
57595988
-1459302937
-2001784280
564168563
1611586504
-1383627248
-1378029152
-1850302434
1165682984
1763074103
1757604517
-1725422245
1678757609
1927662233
-1579554706
352731125
-1641249713
2020932186
2014148320
90871512
562028798
1795427716
-1840777660
1639934639
1170323919
263965007
-1811958215
-268744754
-1994361113
-1583581022
1166429164
1170960979
363427590
-778195238
-1355114619
-323587961
2021905436
666956489
1406217444
-554543223
825908513
-1552574976
-1729227892
-1069498835
634050853
181156945
830869983
-19105247
-721557594
-220407921
1647114123
2057538385
-454290911
-2002117737
1339661124
510253452
-859184405
486125204
1023377331
-1761105817
1348343104
-1891067523
-496413779
-1082071711
505557660
-797459230
-1606499928
-1882147769
-2143342263
-1119597080
2069054058
515300826
-375592903
-1352884334
310568706
1016792238
-2074842091
169983041
2059226620
544457812
1665313173
707433341
1034827727
-1109516613
-965095150
-190464011
1106669210
2004081619
119891800
-1979504188
-740362993
-1338654862
1415450561
-1776350987
899395759
482916731
-593009794
1673268297
1574044471
-543984580
1352886839
1102227511
-580188326
1404822808
-1339258921
974639667
1107322031
-1193622683
-188746848
1727900723
-609358100
-1640691305
-1473246075
-376118162
855737428
1185539229
-1640554824
1201524070
157671278
948286859
2146987648
-1803259352
-1157869577
-1672410760
1527159888
-1351406894
-1079734504
-306402391
-10242539
710636886
-919526693
809121262
1247840719
1202525820
968492251
1474478924
-58323613
1366279981
-35225541
-851203877
-267587666
1291055597
119700184
-373073679
1360307933
1855145129
-264069694
1892603008
1242337275
1765939890
-1218572057
1914851004
-1294535733
-1036057847
-790905327
-1585060096
290915543
842917596
1159483153
578919666
1268263624
390108240
-1693885636
-1994792220
265170680
1428599169
1231386646
-2049412483
1112743493
1260084166
2118132045
1635469208
-557779928
-911804615
-1431589912
1037952363
613573381
210760310
1208137920
-1806743060
-1298707005
2099085985
1324210734
-808897681
1144964767
-1996776530
1580294405
1101241491
293709629
-936400676
1398179010
1135186527
-1420421632
1703004545
1220696834
-1054685017
1950715034
-1464429043
1862292020
-608726860
1011102694
1295102280
-517135474
390796835
-645814028
710519262
1909092420
-1287518707
-220692635
-1852182499
-49119753
1181353064
1157829881
-1603804164
1130808939
-1491561556
-15627674
-679723170
-789885315
-648129863
-33163925
1405247640
1644951635
-2087340809
-1606868957
-1919731408
1455965396
73570494
544958878
266986727
-1552598949
380264440
1007328173
-140759814
-1133750618
1046638341
-1095841283
-1971225693
-434509292
1854748126
719162982
-334035995
994839055
1134307196
1642346117
-120053367
1942426822
1072644986
386840199
-9554589
-1002729441
143726073
835351879
1196130777
302294508
685265347
-1692318309
-1149711451
-1747603620
1116104882
1809457387
1318437593
535856051
1200408146
-11372798
-1366788061
1004895805
-786919227
486287144
324559442
-1401327744
1730089959
-1801882000
-1854556135
1029500336
-2103231823
1091671885
-1804197359
589543527
-712066334
810391147
-2141452028
-710794347
1669322459
-2060009284
-317848472
146914740
-778642998
-1192438064
1173892392
-650271424
106738187
-354705047
-1758898006
1154105702
1619938762
-1984119986
98205709
1295208955
-97608212
1930142815
1819203506
-1623815505
1190880047
-1338019351
635394814
-1617941119
-260101745
-897667013
-1704144803
1846696053
-792914453
-1414051463
866093449
-956892539
-317101592
-1471314513
541877259
-383278124
267117077
1681029160
-1496658431
2083890473
911692368
845377024
-1811950814
1030763162
1003758695
-2082917896
-845253121
1479376263
-1550738175
1141324169
-583149173
1161230794
-475264321
980946747
-454426915
-543669716
1433682845
-468349386
1289493299
-1122807782
-1159261026
-1199520999
1498663482
1836317336
-633763928
-1849260534
-145055605
-383258508
-548854868
1543184909
1943003769
2082447807
1041074953
1343790489
-2119015671
-514864007
-1692722126
-1625261976
1065013057
74621067
-1910736755
-2126843250
-1615271515
639807225
-803007074
1436233933
1263172094
-1990649769
-485671836
-1265577433
1537930589
-1275351428
1782717187
-1432040781
105325151
-306250379
501927074
-2094491724
-558875215
-2073333828
1926855574
-1619255065
-650222890
1641284010
549323199
2009062171
-630571737
1371551785
-1604736206
2129526791
-853392101
-1947054419
1918500632
-928059561
-471855672
2072891492
-2019773739
-672527097
-2121898327
-1867378517
-350409876
1532342516
140072353
509556420
-420597471
375258032
1928146240
-990654266
1051244895
568566933
-1527102652
-872668716
-589108516
-1093593828
349637473
-1544839279
-187645958
1704289647
305306180
-722709806
1063381872
-1501950404
264623317
444010389
-1438194903
-121543733
72470460
-1088243662
-1316932245
1053371986
128328487
1481113552
1069648956
-1655835768
-1697499447
1492803610
-1994915072
815842679
-1420768731
514733617
-190729626
627747478
-131252981
-756073757
254318213
280359702
1914068067
-200685027
1213805377
-173600900
-464865496
1841081758
679713523
-338445201
1485225911
-1171235091
-468468919
-1732208686
1809661258
-1781795699
-28896151
-956665067
568775102
-447795602
-1134281124
113374920
-1489135716
-1206102619
-803544918
-191534224
537271382
-132914337
284753984
441301918
-745063728
-1206967533
-1270036582
1296106300
1197906466
-114932746
-292016867
1882079274
-1317546852
-1329492556
-1406264380
-270862327
1642629897
1295821916
1575420415
-1769674923
-1407981512
-1747040357
492104407
701959609
-2039719753
-1068148436
2008909141
36875166
-1529709855
1796273807
1923268132
-1911421692
-1742959845
-1881243144
772329333
-1168900715
1592905818
-863668598
1647504162
228385271
1951517927
-153664572
-1233263850
183104097
1867986790
1444736059
395473899
456819312
-1572667372
338910089
715068884
-653606341
1155262031
1984079749
1273198524
2139718820
-873242021
51097779
517343407
1681102577
1437132642
1552602622
667825017
-1995145830
68207036
-1553616988
-1465634676
1502980708
-1099688591
1468335473
-1520332250
-1329430610
-525090565
-509905873
-1976832333
528004362
-1464850353
141325916
172313967
-1604194033
-1087099874
1101972509
-7063217
671919212
-1660825256
-56607117
-52453855
-968379840
428039409
319871403
-116861967
-331034199
2139875302
-1878181093
-1454342993
1178375322
-1312903294
-123142646
1650006030
-392818702
1407493597
1995690991
1701081518
624107721
2095842981
1612968926
2004307324
-1766675700
247854112
-256668353
1155593817
41921867
-1575853968
450245056
190485241
-392348207
-1412774119
1887857292
432825613
-1903377163
-1759479104
-1984238404
352671396
984418479
1976273717
2086019342
1855158734
876993901
1632864179
-1252396332
-860725630
190681127
-257187482
-1659561426
573465281
397565360
1125118508
966677883
560619770
151227215
464120735
2135246348
1890017456
-1585777522
-1386335661
619176986
1434725721
784409169
-746165924
-845758982
1554315145
1280524073
528331282
-924748146
517039183
-1152156438
-200350697
-490195202
-1596346657
1317126010
-1153449575
48629672
-1116094351
-980180757
2028252116
724780116
-1971625369
117449420
-1189307430
-1325490260
449244853
331653308
1166893974
-240227862
1612980861
-890382273
-1825277171
-540864814
660797176
-1542907436
1830870503
1588526819
1119790237
-850462906
-1297171154
-1129875511
1590375547
93979458
-903476908
-1546330091
-933215254
1615951401
-1490478982
2139138607
-1946558878
999869479
2003889391
-1454771574
-349007446
-1131237244
1948835830
1296649498
-1450696652
1670826554
1125364940
362771971
1221490119
-803258938
1287673832
-1921918574
-37043618
-1020528574
-2068525436
873670512
413851472
1411848115
702159452
1246061844
1638621872
825689248
-656665163
275133305
-1300167434
-1918889757
64785312
-64144367
-146785058
144748482
587796607
447740152
-137874033
-1437557951
479682248
-1898099604
1935966976
-205751631
-526107640
-925459587
1974155415
-1594040692
-1297274325
-2035064832
-2083305966
-392125052
1193109753
-157850167
-1625735510
-659546407
-1410659357
-338483432
-913904011
-1609597462
-540465152
944307283
282354187
-1604553969
1077960273
130618101
1432306796
-1446249051
1414481484
-272539706
1805629217
-1387607191
1934130328
297664588
-1823471456
41138441
-423863788
-1240875135
-219222796
1813334008
915969821
-1668959803
379198621
-1204281983
-1601675504
-1748362219
-927367756
-316285153
1665374221
-116254083
-942589101
-1122959349
-1675336962
-1248413237
1364422451
-1695329259
1430656983
-954894203
-1951383147
2118286263
-320781793
344548124
74294118
-1250525850
-674471506
-1663221920
-1744959843
978329643
-1857981513
-825197769
-1298155289
-1013851278
1032095752
112185993
1376044166
1471639586
-1945639280
1595793534
287144822
-932872467
-194082527
490147819
-1067577135
806072296
-1198133897
1965006601
796517491
264847198
-1596161159
-1715361177
1343579361
-598932512
795491262
-1670614239
1436134246
-764984928
-812320174
-1637526446
-345819522
-1869291777
399700409
42867654
-1439209864
-953102749
-1689703885
1598798324
646094934
-26099378
-1809532607
-736920278
-325371145
-181962581
902917480
2041859082
-1788634505
109856363
235467316
-69954764
2120752598
-1112239024
568438911
208984644
859554519
-1150319608
-2001408270
-1965935618
-190798806
621345917
237500108
-1794966072
590853580
1485748331
-954449694
-1302617512
1766155182
-750835150
-1358500122
726684589
-137431404
1508002029
74454251
90435650
-785456320
641309378
-1470195928
-167540863
477915087
1370886267
-1250058245
-1456393867
-1408951454
-243825067
-1793789391
-1747440188
-203598848
1937964568
1237162884
953122267
2121696954
911861351
2119224164
-433099158
-1166473713
200147801
723964410
1643234323
-1458519406
882035783
-1600615575
1880850269
1152577993
1195791079
1276492630
-1389728786
1482473304
-1346828391
826743978
1013968633
1017736287
-1189286143
1792747926
1990576373
2099282207
742005973
-217522217
-1398751601
-1694305053
282036215
-758905542
-674210592
-169316323
858033094
-866996126
-1585820446
-1276375858
1210100400
-894690871
630385184
1429879083
1636066827
1057290500
-704900948
1472700541
1647787813
292418122
-1307683242
-99402168
625751449
-1800611786
-471850214
894697391
-2103486748
-1061042741
-1274979111
-2104191210
-1895550153
-820685639
-1936090548
-515480055
-1121563763
-1352829986
-1857941195
-83975845
-1933980416
-249912817
-1328303146
-1516301422
-2136199848
-211316457
1291137447
-1923210878
938048741
-953089
-675557566
-2127039177
-398163570
1989116815
-2056435294
-527633640
-1654853847
827615253
1184905356
-1907368632
-1891610356
-1520652444
1088136268
-949466801
-1959298845
390688799
1890435748
1561611257
-1107589437
596030263
-1019408639
1532919678
2125127295
1047617713
-170511888
-1385445406
-427319750
392737964
-886281265
532052382
-1072797123
-1609334622
2133423815
1501742720
1905107466
249674989
-561703943
1429378255
424825521
2102865549
-2043955209
819799218
-855541151
-1204542168
-1023473035
938551249
1477013825
-1252158127
2079468863
-101830852
-2021618816
-1447685364
-634454418
2074907531
-108836694
1814917265
-737097258
-830915769
74818621
996476240
-611050046
-54729848
-189768836
-459087563
782415587
-1925394721
-27509630
95318061
1386067844
1182596725
-1832201575
-1009430041
1006083586
699029876
-1648557108
-251696673
1506979451
1106601637
-1392675910
-1868207209
-72367163
950828121
1690156972
-504535257
1199881122
