0 .25
3 .25
7 .25
12 .25
14 .25
7 .25
3 .25
14 .25
15 .25
7 .25
3 .25
15 .25
9 .125
5 .125
0 .125
9 .25
7 .25
3 .25
0 .25
3 .25
7 .125
3 .125
0 .125
-2 .25
0 .25
0 .5

-1000 .5

-12 .25
-10 .25
-9 .25
-5 .25
-2 .25
7 .25
9 .25
5 .25
0 .25
9 .25
7 .25
3 .25
0 .25
7 .25
2 .125
3 .125
0 .5

-1000 .5

-12 .25
-10 .25
-9 .25
-2 .25
-5 .25
3 .25
10 .25
2 .25
-2 .25
10 .25
10 .25
9 .25
9 .5

-1000 1

0 .25
3 .25
7 .25
12 .25
14 .25
7 .25
3 .25
14 .25
15 .25
7 .25
3 .25
15 .25
9 .125
5 .125
0 .125
9 .25
7 .25
3 .25
0 .25
3 .25
7 .125
3 .125
0 .125
-2 .25
0 .25
0 .5

-1000 .5

-12 .25
-10 .25
-9 .25
-5 .25
-2 .25
7 .25
9 .25
5 .25
0 .25
9 .25
7 .25
3 .25
0 .25
7 .25
2 .125
3 .125
0 .5

-1000 .5

-12 .25
-10 .25
-9 .25
-2 .25
-5 .25
3 .25
10 .25
2 .25
-2 .25
10 .25
10 .25
9 .25
9 .5